1000 40
1,81,90,48,4,72,88,44,73,0,47,21,99,64,71,30,42,65,51,41,80,90,45,50,71,61,18,65,70,35
2,92,46,23,64,71,84,79,10,60,92,12,53,74,16,26,44,22,2,61,58,4,61,14,78,68,7,37,26,34,5,48,82,77,24,45,85
3,15,62,95,81,94,58,12,48,38,59,94,96,96,99,22,69,24,52,56,30,38,62,40,45,51,3,73,38,42,81,25,49,27,72,36,20,62,46
4,49,77,49,20,53,15,45,31,66,61,20,32,91,39,62,11,78,64,9,79,75,68,18,76,29,82
5,56,93,18,80,28,83,85,28,38,92,88,69,21,69,56,96,40,28,99,91,37,46,12,5,71,5,17,63,45,31,10,7,55,36,95,8,18,65,2,59,69,38,47,13,63,37,29
6,67,13,49,51,20,79,19,68,49,32,38,65,54,10,21,87,53,96,52,70,39,91,84,86,7,19
7,11,86,83,88,26,54,34,86,83,57,95,46,85,5,44,78,29,1,51,49,11,11,50,57,41,53
8,64,74,58,78,64,64,62,1,1,47,59,86,2,79,51,92,71,24,72,0,21,93,54,59,73,6,95,5,16,63,94,95,44,86,86,56,23,52,70,16,84,73,9,98,36,67
9,96,23,86,41,5,93,38,47,55,0,24,12,22,50
10,26,78,69,27,77,53,99,43,4,33,41,45,96
11,80,55,34,98,90,90,12,22,7,24,78,18,0,90,91,5,49,35,3,13,51,24,73,4,81,57,86,71,36,82,37,56,83,3,2,99,5,41,82,73
12,47,12,32,0,96,94,38,61,91,56,15,47,57,62,98,25,22,65,94,18,29,99,39,77,70,36,89,38,98,41,67,95,30
13,85,55,73,68,84,42,20,68,86,95,83,98,43,78,18,5,22,57,93,18,62,17,10,12,34,26,53,16,31,69,31,41,77,51,81,65,59,58,63,44,53,65,69,23,42,44,84,33
14,6,50,58,80,3,65,1,44,6,79,28,55,17
15,67,20,43,64,22,1,60,36,12,97,59,11,20,52,64,22,67,30,74,93,80,17,92,61,76,5,32,72,47,4,78,19,16,47,91
16,46,80,30,43,59,68,34,62,57,65,58,14,85,65,43,33,91,75,12,20,97,96,58,10
17,41,78,34,80,72,63,10,65,77,60,43,78,80,11,46,35,52,81,94,4,90,46,75,55,36,54,3,76,1,34,95,63,99,13,31,39,53,83,76
18,59,83,90,2,35,61,22,1,54,30,60,95,32,0,66,49,81,79,26,16,29,90,7,24,86,92,48,73,57
19,97,97,91,90,94,44,99,31,10,35,34,84,65,32,19,51,22,48,5,86,73,75,14,21,69,52,81,15,86,61,80,27
20,22,21,22,37,59,35,63,98,53,98,68,9,53,35,9,56,92,49,56,12,3,74,6,89,94,14,5,85,56,63,39,77
21,8,63,1,94,0,67,59,52,44,29,96,47,41,56,91,61,69,56,39,0,68,91,76,91,30,98,21,94,16,23,25,86,45,24
22,40,88,57,97,15,52,68,18,54,19,14,8,32,36,67,94,76,32,47,65,13,48,11,26,83,49,63,56,72,32,2,76,50
23,96,19,34,27,80,79,38,31,85,62,52,67,28,92,85,78,93,97,34,98,32,76,22,92,55,90,31,28,80,86,68,77,99,77,90,17,22,59,22,24,83,94,81,78
24,19,89,86,95,14,21,48,88,86,13,31,23,28,4,18,82,70,25,86,96,84,13,30,66,69,59,82,71,3,76,88,3,13,58,92,28,71,23,32,28,82,82,37,27,37,5,42,50,84
25,7,86,51,42,89,39,35,93,65,64,9,63,22,92,96,20,9,24,94,58,28,95,50,2,55,19,53,21,51,97,36,28,44,37,46,66,91,5,79,24,81,44,44,17,36
26,42,17,72,14,51,13,68,98,68,44,39,71,45,60,82,90,85,17,6,41,34,71,83
27,38,55,59,86,18,87,77,9,52,7,1,28,98,37,58,36,50,98,99,24,64,70,35,26,93,45,47,82,70,52,98,55,25,96,49,10,68,11,66,30,66,59,76
28,24,99,80,18,33,34,81,16,31,52,45,68,46,50,61,64,99,97
29,82,54,53,29,35,84,40,74,25,60,69,5,53,97,36
30,79,21,97,79,52,13,49,41,82,66,70,42,94,36
31,13,46,98,10,34,7,61,46,19,38,18,53,44,40,91,67,82,4,74,26,24,17,15,78,6,72,91,82,44,66,9,64,12,5,89,13,40,81,40,37,90,31,4,6,46
32,61,1,85,41,8,15,32,5,16,93,22,99,18,98,66,19,43,86,49,12,43,88,79,73,20,14,74,49,34,6
33,71,24,49,10,60,31,90,64,41,4,84,14,6,88,18,69,90,46,97,90,66,39,17,96,83,46,28,29,11,79,11,55,59,70,3,43,36,47,80,82,10,4,58,37
34,31,49,83,21,80,79,29,4,87,34,97,67,37,83,72,50,29,21,75,10,7,43,61,83
35,17,52,82,79,0,1,59,84,88,42,97,59,26,75,81,66,99,92,33,33,84,75,89,94,78,77,28,81,78,44,89,45,65,9,91,57,37,95,84,47,75
36,70,7,85,31,82,63,78,60,5,79,30,93,77,87,72,58,38,23,2,39,16,11,31,65,19,55,61,51,37,59,82,95,44,91,73,66,18,63,49
37,91,82,69,47,89,37,48,40,6,6
38,47,57,86,8,84,32,89,8,52,76,22,8,58,75,43,37,64,18,55,37,91,23,98,30,44,95,2,50,81
39,28,23,15,94,43,0,98,57,37,63,31,10,95,87,69,31,32,53,24,93,81,90,19,5,52,59,29,51,11,42,75,3,93,11,45,59,44,27,68,21,34,37
40,65,69,53,1,97,77,81,11,57,38,52,87,81,84,66
41,10,88,99,8,12,56,57,54,75,34,17,72,50,57,14,33,57,93,39,64,99,67,34,21,50,6,90,89,19,24,95
42,75,69,27,7,5,85,93,21,79,53,61,76,95,16,38,53,49,56,0,92,34,29,11,61,93,65,5,92,96,47,52,3,15,61,0,29,72,12,31,56,50,77,32,3,31,15,70,94,46
43,46,40,11,79,8,28,82,55,81,20,14,58,51,34,54,18,83,8,39,83,80,24,77
44,6,29,0,20,9,29,7,30,43,40,32,90,33,78,60,19,90,29,22,3,59,70,99,19,27,38,88,15,35,48,99,83,71,62,57,73,59,98,5,2,16,60,15,49,83,54
45,95,40,59,0,14,89,57,39,95,82,61,60,74,41,42,57,98,34,22,66,26,21,57,44,4,25,24,86,56,13,65,29,82,58,54,65,25,8,60,49,92,50,39,20,3,8,47,34
46,84,38,3,38,78,73,74,0,45,57,62,36,79,99,11,3,25,91,79,31,0,78,65,36,44,39,98,71,70,42,59,66,61,37,95,6,14
47,82,50,74,53,72,37,38,7,71,7,1,25,36,57,81,92,36,96,35,45,96,65,55,93,84,55,33,30,44,28
48,74,2,73,78,94,90,70,85,14,33,11,98,96,54,25,63,14,26,24,77,90,20,61,9,89,96,73,80,27,57,79,80,99,74,55,74,95,82,23,24,56,40,17,39,12,30,39
49,75,54,68,96,0,24,56,14,73,43,68
50,16,70,12,42,2,67,78,61,72,59,88,39,84,41,38,70,89,73,46,28,44,77,96,13,37,95,82,25,98,78,76,57,27,47,49,23,90,37,92,29,25,76,19,3
51,51,98,61,51,73,94,15,85,18,96,88,68,72,65,90,32,45
52,36,77,44,26,48,64,15,63,96,7,67,57,19,16,67,73,4,7,72
53,2,21,38,0,85,53,85,28,98,30,23,55,94,39,17,22,12,24,73,52,59,28,95,84,63,80,41,23
54,84,13,78,23,65,89,63,31,68,9,4,4,77,93,46,34,40,90,77,39,61
55,35,6,6,11,91,24,91,63,63,94,78,31,43,98,41,22,35,19,25,39,63,76,77,46,73
56,80,60,11,77,40,36,92,88,68,77,83,5,21,72,23,49,25,36,49,9,24,85,66,69
57,1,92,90,9,42,22,0,39,25,78,75,77,88,39,7,78,28,39,54,29,54,37,79,73,39,64,46,27,7,86,41,54,2,4,79,10,11,7,8,1,98
58,36,71,25,88,61,60,12,11,3,36,17,87,99,86,51,37,88,54,35,85,35,74,90,82,82,48,14,86,44,18,27,40,80,47,6,91,67,38,77
59,25,73,74,67,52,52,38,95,75,36,99,84,54,99,41,3,44,70,38,33,10,87,60,72,59,88,24,11,16,73,75,25,99,73,89
60,93,12,15,30,44,58,80,15,19,16,63,10,83,49,4,53,68,19,38,68,86,16,79,82,86,31,53,19,57,64,21,48,55,97,14,39
61,8,24,70,18,46,24,55,97,73,19,70,24,17,95,63,72,45,81,2,67,30
62,77,32,2,51,29,30,87,2,82,13,97,31,25,19,42,44,47,21,49,17,32,74,15,4,37,74,71,97,97
63,25,6,35,74,14,50,13,57,30,97,29,94,42,8,24,85,81,67,5,12,18,14,3,44,45,2,47,50,95,9,77,5,24,84,78,46,85
64,28,2,38,2,22,48,86,48,54,77,49,97,82,52,48,55,23,48,77,67,69,82,49,13,27,46,47,19,98,61,50,97,74,27,20,45,81,67,39,10,57,71,32
65,89,31,46,48,0,55,65,97,25,45,65,98,75,54,3,72,13,13,78,52,99,17,66,54,77,83,66,87,0,59,37,42,94,29,97,24
66,97,71,10,14,40,78,0,81,94,58,1,74,44,9,18,98,32,74,65,46,73,90,18,22,69,72,33,6,84,92,11,4,50,73,8,9,50,93,38,85
67,50,51,70,61,90,72,77,11,39,34,17,63,85,44
68,20,78,39,4,90,45,94,43,5,50,33,20,35,9,36,11,18,66,98,43,25,66,25,54,36,21,17,85,32,44
69,67,81,33,88,89,26,34,89,28,67,82,51,42,3,32,7,74,85,62,98,84,10,57,83,62,53,76,62,99,97
70,23,57,92,27,68,32,53,51,91,41,40,45,36,36,27,87,99,48,65,18,7,86,75,46,98,90,79,36,17,46,24,73,48,31,65,74,60,97,49,21,48,19,28,24,74,61,34
71,23,36,24,86,42,96,88,66,67,88,69,78,54,34,4,54,16,49,47,68,38,65,20,12,22,62,43,5,52,46,96,12,68,13,51,99,13,7
72,81,49,53,1,85,58,56,53,68,27,75,39,84
73,71,38,40,34,38,64,50,49,98,81,73
74,48,45,79,5,62,40,66,29,61,85,40,15,11,88,53,92,56,97,91,56,48,53,96,39,51,8,34,51,61,70,75,99,17,36,36,75,37,18,94,15,15,86,77,42,36,72,74,47
75,5,79,27,95,99,77,22,89,11,77,33,56,74
76,17,41,6,29,49,93,12,13,18,69,72,47,7,86,73,34,89,16,79,74,97,25,55,90,58,11,97,47,71,22,13,45,48,6
77,82,88,49,43,82,34,46,70,95,79,17
78,14,66,5,82,58,63,68,5,52,57,79,77,37,40,92,16,69,79,77,74,20,97,90,42,98,89,93,10,19,24,82,87,90,49,74,39,73,51,91,14,19,79,47,40,77
79,65,14,98,11,73,7,45,2,79,26,77,28,20,10,17,91,16,64,50
80,96,46,42,71,55,89,10,73,65,54,61,84,65,99,48,40,4,29,47,93,56,21,82,57,37,11,76,37,0,78,5,27,37,35,45,25,75,14,62,82,51,75,72,82,49,99,5,45,97,78
81,0,10,29,6,48,69,56,59,36,93,38,23,49,38,90,55,47,84,66,79,95,98,59,6,24,48,7,35,26,7
82,46,57,8,45,41,36,16,7,65,34,3,31,14
83,99,2,98,7,68,56,49,36,58,33,11,66,55,14,42,64,64,87,48,95,27,42,66,66,7,10,95,37,91,41,8,63,40,96,80,91,6,56,31,60,43,26,7
84,49,8,56,11,30,40,87,21,14,18,70,61,16,2,94,99,92,96,1
85,29,28,92,46,67,86,45,3,17,94,83,22,26,90,67,46,78,76,89,81,21,71,24,78,11,19,55,30,71,33,59,74,94,65,21,47,30,19,77,70,92,69
86,8,95,35,11,45,9,64,28,50,73,25,62,5,46,32,32,68,15,35,20,69,70,41,70,88,40,2,33,29,76,46,79,74,96,63,42,45,33,36,14,59,25,34,57,44,76,99,27
87,88,90,48,39,15,66,84,44,8,71,42,47,69,46,52,48,79,90,42,14,15,43,33,10,90,44,88,78,32,38,79,49,31,79,13,3,43,57,28,91,34,46,19,81,14,18,96
88,10,13,83,27,19,71,96,66,39,26,77,73,64,14,88,53,79,69,93,74,28,86,59,64,35,84,37,66,53,7,91,9,77,19,91,97,12,70,51
89,24,68,45,65,94,55,83,34,25,0,68,28,80,4,32,73,26,40,80,99,64,72,46,91,75,0,68,15,80,1,99,13,30,43,51,43,80,20,66,50,84,72,48,52
90,5,78,53,23,22,19,23,76,23,3,29,8,80,58,38,34,44,62,23,32,82,9,55,56,10,27,8,13,82,54,98,0,39,48,8,3
91,7,63,13,50,92,7,1,44,55,33,5,54,90,99,3,65,52,56,11,21,57,48,51,97,77,11,88,78,27,14,18
92,19,54,59,14,44,50,81,91,44,85,59,64,25,40,58,97,15,47,13,41,40,26,78,29,63,27,16,36,84,3,30,39,25,25,98,94,91,72,28,74,64,94,46,2,37,26,14,61,48
93,14,42,56,61,23,74,25,77,96,32,72,51,94,14,47,28,86,1,89,94,35,79,65,91
94,76,5,5,81,73,36,60,2,63,49,51,37
95,59,70,39,49,13,10,67,16,9,2,91,22,34,53,50,84,20,52,46,18,6,81,62,89,22,60,33,97,55,3,40,97,96,41,95,16
96,28,59,4,81,27,21,2,23,67,55,0,73,22,40,31,90,78,94,22,27,16,50,8,7,69,69,46,93,63,55,9,27,33,58,62,80,20
97,13,78,46,4,8,67,80,18,32,67,33,92,83,11,71,11,48,44,61,83,29,49,19,86,31,23,41,10,35,53,29,51,83,77,68,37,15,51,84,7,9,99,84,33,40,93,18,22
98,86,23,59,9,46,18,61,16,30,72,66,18,94,41,35,75,15,83,33,57,32,39,10,82,68,80,47,29
99,96,89,50,81,55,56,6,25,95,96,58,34,55,71,55,12,12,33,50,48,57,28,30,67,59,99,3,73,29,5,55,50,7,86,44
100,77,31,1,1,51,12,66,77,92,91,30,63,35,39,92,13,20,39,63,60,84,61,35,74,27,48,77,20,35,86,75,30,34,55,80,0,2,11,47,41,44,26,76
101,2,2,37,68,59,73,7,79,5,6,71,4,75,19,36,13,77,97,99,13,24,80,89,67,95,82,7,40,91,91,16,70,28,30,64,23,73,27,38,51,51,28,51,69,15
102,82,49,88,23,91,96,96,23,80,33,50,60,84,57,62,70,86,66,62,59,31,36,84,28,68,13,65,77,43,51,76,27,89,95,41,32,64,37,6,87,39,31,52
103,55,25,19,8,35,19,51,65,92,93
104,28,2,84,48,27,98,61,15,51,0,92,40,36,50,87,34,1,92,13,29,78,8,50,99,80,86,49,56,92,76,17,65,72,83,57,95,79,97,51,30,72,68
105,88,43,53,46,21,8,30,91,36,12,14,98,87,18,15,72,8,59,30,96,0,71,11,16,15,33,32,53
106,21,55,6,46,8,61,30,17,52,98,60,61,19,91,51,33,87,10,47,72,88,20,3,19,58,59,56,51,97,39,3,44,27,44,47,13
107,37,88,51,78,67,0,97,89,73,91,79,42,4,19,4,70,60,72,26,40,10,82,28,43,41,42,18,17,56,15,97,28,82,7,4,85,69,61,76,36,33,93,63,20,96,91,6
108,47,81,33,41,40,78,81,63,12,56,98,95,16,61,39,39,60,10,98,74,20,21,37,22,47,5,91,68,82,96,85,43,5,81,44,46,85,84,55,52
109,3,74,94,93,30,39,88,31,91,14,12,88,93,41,20,22,40,77,55,91,86,59,19,62,24,11
110,78,95,98,24,92,70,96,37,86,6,52,16,82,93,49,39,10,88,63,78,51,32,7,23,69
111,52,17,77,66,6,38,94,87,17,1,61,13,23,45,68,32,47,7,50,65,9,40,65,31,8,12,2,91,72,75,26,27,1,75,75,35,41,41,9,6,92,57,75,76,58,41,34,5,23
112,79,81,12,66,78,42,27,70,71,88,67,84,22,31,10,94,84,40,92,35,52,10,76,14,92,11,23,1,32
113,29,70,85,74,40,54,83,4,25,11,62,2,78,61,15,31,90,17,28,99,67,41
114,7,29,53,1,15,89,66,54,11,69,86,4,37,27,7,34,66,53,57,50,56,64,79,71,56,14,62,86,10,42,58,15,91,74,70,62,51,35,23,32,23,78,73,91,25
115,86,99,16,4,63,65,51,76,68,2,30,57,92,47,72,21,99,19,96,92,61,15,19,43,13,71,55
116,18,59,2,78,33,16,45,2,4,97,96,96
117,34,40,48,2,79,5,40,3,59,34,38,82,15,35,60,71,22,69,92,79,64,68,3,23,95,86,10,45,74,84,91,81,17,75,58,98,46,97
118,91,22,43,93,49,63,27,22,69,2,78,61,14,34,75
119,53,3,31,20,55,90,18,33,65,82,71,88,82,36
120,35,25,36,33,48,78,99,31,77,60,41,97,8,92,40,4,10,1,68,91,45,72,63,69,14,36,17,59,25,83
121,67,46,96,61,88,4,24,75,43,20,7,85,48,93,46,12,46,45,15,55,19
122,65,66,59,42,21,27,96,62,38,3,49,41,57,70,13,72,57,22,48,97,27,90,12,95,94,48,60,26,86,63,30,23
123,47,4,44,40,19,90,2,33,41,74,84,47,58,92,37,7,45,81,91,19,30
124,7,97,69,96,85,46,48,42,43,3,98,86,26,34,65,40,82,37,74,90,28,15,98
125,6,3,17,22,42,48,91,58,12,87,22,17,6,96,67,97
126,92,30,99,87,14,49,43,69,42,78,33,39,67,56,91,92,90
127,31,62,72,12,67,91,52,61,12,25,67,91,23,88,64,48,49,35,57,36,15,84,91,56,27,7,78,78,43
128,66,78,8,15,74,45,90,75,51,96,51,33,99,84,13,4,25
129,10,3,42,17,59,95,34,25,25,74,29,75,33,30,32,40,46,37,79,95,80,84,74,56,16,56,21,30
130,3,37,38,53,81,1,92,68,37,2,25,14,41,87,72,96,9,88,39,3,49,34,53,49,96,28,85,45,41,77,46,77,48,86,26,46,38,87,78,18,98,54
131,77,69,33,60,57,81,38,89,29,33,76,15,76,41,68,82,92,8,14,99,74,36,46,19,89,50,91,86,80,99,76,17,92,12,34,19,11,18
132,46,7,14,47,54,50,15,83,44,4,18,80,17,23,23,90,22,35,53,26,36,11,16,62,33
133,96,42,97,51,95,91,48,41,0,18,68,19,47,38,91,1,53,7,48,11,68
134,63,35,15,71,4,22,56,17,44,36,44,46,39,41,89
135,5,19,83,94,28,87,72,31,91,40,58,72,25,51,75,83,22,92,81,26,87,98,40,97,46,60,55,21,88,17,35,88,74,17,48,34,15,9,19,71,84,27,13,39,59,83,41,27
136,4,77,24,96,39,11,10,30,56,99,0,88,62,38,32,31,32,21,3,50,93,15,66,33,60,86,22,46,3,69,26,89,14,68,4,91,1
137,8,22,87,27,57,3,36,37,61,12,46,71,40,54,89,1,24,48,18,45,44,63,70,52,2,41,79,82,55,77,71,32,35,92,8,34,71,38,89,76,8,16,89,15,1
138,83,41,57,63,33,86,54,13,13,82,62,54,33,64,44,40,26,62,83,17,1,74,28,20,71,37,85,20,64,19,23
139,43,22,76,54,13,78,42,16,31,2,33,90,85,0,92,63,73,27,80,0,38,70
140,1,87,2,8,60,19,40,73,96,70,33,15,59,94,7,23,56,21,64,21,59,28,48,70,7,45,20,1,91,17,26,83,6,52,7,21,64,59,91,40,9
141,33,1,72,45,58,46,54,43,10,80,99,85,14,38,82,10,68,20,84,52,58,74,90
142,25,92,12,14,82,91,94,89,66,53
143,40,52,46,13,96,13,8,44,52,72,80,91,40,8,51,84,93,53,49,25,8,59,1,51,34,19,10,72,40,34,84,93,5,75,64,41,57,43,11,6,93,76,50,58
144,83,67,75,82,41,35,15,10,42,96,74,73,4,94,50,2,38,83
145,15,17,47,83,66,0,38,51,73,28,17,31,52,18,97,44,78,25,32,53,26,98,96,9,45,3,42,96,87,36,76,21,70,76,36,90,18,7,29
146,94,26,59,7,52,13,27,77,5,97,33,62,96,42,15,72,29,7,43,90,26,44,48,79,22,14,13,50,70,73
147,1,74,20,11,93,12,67,70,28,52,21,93,10,52,50,27,38,42,15,12,97,72,14,31,13,36,9,9,47,90,89,7,27,23,9,30,98,5,73,10,86,61,57,80,30,13,83,57
148,10,21,25,76,25,16,97,56,38,23,57,82,69,60,53,75,15,36,23,44,10,78,19,10,90,45,87
149,31,53,5,18,62,56,3,99,80,41,82,99,66,30,51,34,44,90,32,60,62,75,67,65,52,82,16,50,49,86,97,23,32,3,56,96
150,39,37,95,62,91,45,36,95,36,63,71,67,46,47,7,18,61,73,72,39,54
151,52,28,70,3,0,33,50,20,86,68
152,20,82,58,14,20,9,13,63,56,54,77,84,25,24,52,30,25,58,10,14,82,41,82,22,36,65,21,9,1,47,73,34,67,19,13,19,65,59,80
153,18,98,95,97,15,91,45,77,4,82,58,93,67,41,8,82,28,9,18,53,5
154,54,57,46,51,7,78,78,1,32,21,74,15,9,20,50,19,8,48,53,64,99,84,36,56
155,42,76,16,37,49,71,49,39,61,90,92,0,10,25,5,82,71,79,65,14,18,16,2,60,38,32,84,8,34,19,77,16,94,24,42,82,70,99,70,9,65,78
156,99,59,87,69,32,54,93,53,75,23,14,70,3,11,90,38,82,84,10,61,46,67,26,64,96
157,40,18,87,63,87,54,69,10,12,34,20,40,33,22,72,6,28,32,89,3,43,83,37,82,98,96,40,71,4,41,0,89,88,63,8,66,20,31,89,23,40,48,13
158,98,88,16,52,10,3,24,30,70,59,40,98,75,58,17,95,94,70,66,43,37
159,26,86,62,93,56,77,35,15,71,18,37,79,72,16,92,81,94,32,59,80,96,47,69,78,5,56,35,73,49,26,88,30,40,95,88,11,6,29,77,46,86
160,77,68,75,83,69,16,9,17,34,24,40,51,91,14,9,44,7,72,50,46,25,82,75,17,82,10,98,82,30,2,63,68,55,58,19,56,99,9
161,49,12,78,2,42,79,88,95,29,95,42,28,42,20,10,25,8,29,88,97,13,62,27,96,76,2,1,26,0,4,24,87,88,89
162,24,53,52,57,77,61,14,64,53,58,41,53,60,68,28,35,55,57,84,81,83,82,22,78,56,22,90,24,77,62,92
163,94,92,93,72,2,18,53,81,50,7,16
164,70,30,43,42,36,23,50,59,67,46,8,24,90,43,23,47,53,51,25,1,49,82,64,15,30,30,82,29,94,49,45,42,1,40,3,78,3,82,70,71,92,28,59,39,36
165,84,91,44,0,36,29,73,99,87,64,41,15,40,72,39,3,52,73,16,15,43,50,92,19,93,83,34,84,8
166,38,24,93,89,65,39,42,38,18,49,15,96,59,11,65,87,42,1,36,47,91,87,8,10,41,93,44,96,66,10,53,65,35,4,47,93,3
167,11,46,91,93,16,11,68,68,13,21,94,5,3,73,55,28,41,86,20,93,25,77,26,14,93,56,36,11,91,50,44,62,14,72,37,41,87
168,45,77,80,2,13,68,75,3,94,7,79,35,53,99,45,16,76,88
169,85,40,73,88,37,51,75,19,60,55,17,41,1,69,73,3,10,68,9,41,29,62
170,81,92,2,86,44,3,83,64,68,30,68,57,85,86,17,86,23,90,59,84,37,40,72
171,6,58,70,37,30,38,58,70,31,13,33,18,33,19,11,7,3
172,48,99,18,17,48,92,61,75,54,87,58,18,98,99,91,33,61,91,64,95,94,72,58
173,54,28,70,52,40,59,80,77,63,60,66,26,17,42,57,18,35,53,40,42,59,64,25,43,2,16,68,60,42,90,29,44,79
174,14,77,30,97,95,27,82,28,7,4,29,46,12,60,80,27,58,42,95,40,45,81,4,11,70,1,78,66,21,50,6,45,16,8,29,22,79,26,85
175,47,76,63,82,17,59,22,45,6,68,47,57,97,42,96,70,30,42,43
176,53,20,43,43,30,15,58,80,68,58,52,31,71,34,35,56,65,85,72,42,82,77,9,22,17,50,42,93,55,94,47
177,65,47,75,64,6,71,0,36,18,91,42,86,72,10,89,78,87,62,59,30,76,1,59,51,91,1,45,29,47,82,56,46,38,30,98,89,33,43
178,35,22,9,99,99,68,19,46,78,80,56,31,66,98,31,24
179,46,56,50,54,25,2,61,94,67,77,72,97,19,93,87,79,44,97,45,16,40,35,84,30,19,85,59,57,77,61,8,61,71,50,89,63,88,18,30,70,29,44,12,81,97,47,8,38
180,10,42,86,88,72,89,36,52,20,77,33,89,21,16,22,44,63,21,16,61,53,47,24,3,16,99,24,45,82,94,50,23,5,94,4,44,19,67,6,80,85
181,7,98,92,30,79,97,88,3,98,57,56,84,75,29,40,49,43,55,46,30,57,13,64,83,64,31,27,48,87,30,73,33,37,52,65,52,0,69,24,23
182,2,19,6,6,88,72,81,93,93,63,55,81,4,61,67,86,15,82,36,74,54,55,84,87,62,42,73,13,52,23,60,24,5,66,60,35,87,5,0,68,94,8,68
183,52,72,38,99,42,98,97,85,69,51,75,28,10,21,73,98,79,37,55,84,46,53,89,65
184,42,45,88,33,98,39,97,14,47,26,14,38,92,16,11,27,90,32,9,27,71,0,19,9,43,44,88,61,79,3
185,27,51,25,26,68,89,4,3,5,20,17,32,37,24,26,84,74,98,81,49,92,64,70,81,38,8,78,76,46,57,62,16,15,80,68,2,73,77,81,92,54,58,79,53
186,29,46,64,0,5,98,1,82,16,7,62,27,28
187,22,64,59,92,68,48,86,58,51,14,17,75,43,60,25,26,24,20,52,59,55,65,43,97,4,62,82,40,67,43,75,56,44,45,5
188,70,33,32,82,25,13,66,63,68,68,78,12,77,19,22,99,80,56,66,32,27,78,15,4,28,11,94,27,70,24,86,45
189,35,98,9,37,91,53,12,50,88,64,17,17,42,4,62,33,53,92,23,29,71,31,86,50,54,16,96,9,48,76,36,1,29,65,98,43,68,27,18,43,11,23,34
190,69,21,34,97,53,40,84,55,53,54,44,11,69,86,27
191,30,37,67,2,36,55,66,46,28,3,45,2
192,24,75,5,39,87,61,48,91,75,57,80,76,15,46,77,47,34,27,16,71,50
193,8,27,91,93,11,43,79,93,55,0,54,76,97,58,56,1,50,52,99,82,57,72,16,42,98,92,30,81,44,73,98,41,3,98,70,2,77
194,65,15,58,58,13,48,19,73,42,44,51,59,10,44,18,8,71,73,63,17,77,60,85,93
195,52,15,70,66,54,61,21,47,73,47
196,89,8,0,23,10,13,80,48,96,23,10,38
197,80,25,49,24,41,63,47,87,48,72,14,74,17
198,85,97,77,26,27,95,87,19,22,63,60,23,40,91,55,89,60,49,34,90,8,30,92,49,87,87,20,15,42,38,31,61,15,97,22,47,74
199,23,45,76,74,77,17,22,41,15,12,64,69,39,52,43,3,93,24,84,15,32,58,83,42,11,13,93,53,64
200,54,70,21,53,66,84,77,14,47,61,4,79,92,95,23,85,94,35,47,75,96,94,16,82,64,71,65,51,93,22,79,83,68,11,72,40,56,10,47,18,90
201,45,65,93,8,90,83,67,51,87,18,82,45,44,59,90,12,51,90,8,24,71,22,63,22,18,82
202,71,66,41,7,76,52,11,84,52,77,5,25,14,36,66,29,72,4,1,8,65,27,11,90,43,69,83,35,38,76,33,92,34,16,76,75,67,99,60
203,62,98,10,45,0,87,99,75,39,85,65,39
204,73,10,35,82,55,30,61,91,73,64,70,34,84,97,18,69
205,37,23,3,63,80,41,21,48,40,14,86,13,53,46,21,47,38,63,6,39,64,8,74,82,49,16,36,59,25,54,4,98,33,56,20,35,26,12,62,71,42,71,28,66,46,49,71,79,75,82
206,80,67,29,94,63,92,86,40,83,21,9,18,47,45,77,74,30,36,43
207,75,76,78,99,71,61,97,62,41,82,88,89,34,56,75,71,4,95,63,5,93,31,35,2,8,88,20,12
208,81,81,5,9,27,59,33,88,56,73,96,51,7,8,88,98,7,98,5,44,67,85,1,18,85,27,44,99,91,8,77,13,7
209,68,68,31,22,70,22,57,14,83,23,53,76,99,50
210,79,61,8,74,62,26,93,73,77,13,89,65,0,72
211,65,44,58,37,34,15,20,23,14,15
212,77,1,58,35,20,48,33,22,39,0,55,17,74,89,62,12,73,31,21,94,2,83,80,27,0,59,22,93,29,57,40,10,91,70,0,56,50,14,41,28,62
213,41,66,33,99,9,17,25,41,76,63,9,9,60,15
214,48,34,42,18,68,22,34,54,92,28,70,14,73,74,68,13,63,54,80,63,73,62,93,38,62
215,58,35,91,96,23,42,49,25,15,20,97,72,58,21,5,83,80,91,34,24,65,15,48,11,0,18
216,62,35,11,78,19,21,20,25,98,10,2,75,69,68,46,2,27,79,66,94,89,67,18,78,92,15,73,80,44,54,16,33,40,39,17,38,56,50,92,75
217,28,3,86,88,0,17,85,98,19,30,58,62,88,53,55,29,62,63,86,48,34,63,4,17,61,56,94,54,10,35,85,86,50,78,21,32,97
218,89,17,20,77,83,66,80,50,35,16,83,84,27,21,44,1,13,60,30,39,45,29,52,2,7,90,63,79,85,90,77,45,9,85,98,42,13
219,54,99,45,36,1,1,14,90,39,85,78,10,69,83,35,37,30,68,49,23,15,29,89,50,64,36,3,53,15,86,65,87,52,90,32,1,76,30,64,42,4,8,50,62,18,12,30,57,30
220,23,34,42,17,1,48,24,55,18,82,25,32,54,71,95,30,42,80,9,22,21,95,59
221,28,56,9,69,75,7,53,45,49,73,69,67,39,56,91,38,14,59,71,33,41,91,59,31,54,89,63,62,20,15,36,19,78,29,47
222,56,73,7,96,35,28,55,90,32,54,90,97,7,0,66,5,34,1,44,66,83,18,26,30,1,23,23,39,83,80,87,22,13,37,55,78,54,38,24,27,39
223,45,20,16,18,72,88,44,54,94,77,7,49,30,93,73,56,7,30,55,94,77,13,1,49,67,4,72,15,28,38,49,59,64,64,63,24
224,77,67,67,8,78,89,22,96,80,44,12,65,71,74,17,42,33,45,54,77,53,78,28,36,90,65,39,79,76,95,87,22,33,20,70,79,24,29,60,95,98,77
225,97,7,96,16,77,26,97,84,58,21,20,16,27,20,25,4,9,99,88,26,58,23,31,64,23,46,66,19,47,57,56,32,75,68,25
226,42,87,40,71,86,48,75,11,46,67,33
227,67,15,94,70,30,68,3,45,79,71,74,40,80,51,27,43,26,8,69,80,17,85,46,87,20,10,49,74,7,21,46,61,61,63,13,98,74,32,77,77,89,16,76,70,11,92
228,43,35,49,4,17,47,92,28,24,98,7,8,57,84,92,7,24,62,4,45,50,82,74,20,59,35,38,60,29,51,53,82,71,22,77,10,33,99,35,85,34,14,60,66,18,76,36,9,41,40
229,38,43,59,88,9,17,50,74,98,34,89,70,68,74,47,75,39,20,74,59,62,92,28,99,25,72,60,74,20,32,57,85,8,96,68,43,83,94,6,59,78,17,75,83,32,70,90
230,87,13,70,31,87,12,70,74,71,32,79,2,59,17,74,33,92,37,29,34,67,73,46,40,40,12,71,11,63,53,50,29,98,52,37,53,27
231,91,44,14,96,25,32,94,24,75,42,36,19,2,67,28,3,24,95,0,90,64,3,89,44,88,14,88,18,66,23,83,73,94,85,36,35,34,3,66,56,35,19,25,81
232,98,83,33,22,12,18,44,3,14,88,51,12,20,30,62,37,13,26,64,56,1,87,86,39,60,51
233,95,44,83,0,94,37,75,73,20,85,86,32,74,33
234,46,30,33,70,0,67,84,52,39,48,77,89,92,87,34,84,64,36,70,58,55,85,70,45,56,8,84,84,73,23,12,88,9,81,80,9,37,71,16
235,71,88,83,76,78,66,78,98,58,75,91,99,23,87,18,93,74,45,71,1
236,22,99,3,12,39,89,59,16,57,93,68,32,74,61,11,15,32,24,52,90,35,21,4,35,22,4,14,67,2,12,51,24,41,85,17,91,98,92,65,6,54
237,5,94,35,14,77,35,6,48,15,29,54,23,10,23,1,13
238,83,68,66,95,62,58,55,82,74,70,86,41,38,5,28
239,8,43,42,48,79,31,25,22,5,26,97,18,72,49
240,24,5,71,17,77,85,68,88,9,88,25,21,1,60,6,10,95,60,22,5,79,98,75,27,66
241,41,43,34,5,9,19,42,23,30,65,62,69,52,17,58,75,89,11,27,89,1,57,14,9,67,4,86,77,63,64,54,75,51,57,68,87,45,28,77,96,14,23,20,67,13,50,75
242,31,59,36,32,87,65,26,82,76,53,37,63,54,66,11,28
243,11,94,9,85,11,78,51,20,37,80,34,95,78
244,95,19,61,57,26,59,85,61,25,71,54,84,44,28,62,53,60,20,70,58,75,97
245,52,21,33,21,51,59,78,70,86,62,97,81,65,10,17,23,43,96,48,38,10,93,45,43,95
246,94,37,2,50,22,23,19,75,40,6,95,97,66,90,86,0,49,87,11,45,82,0,69,16,21,93,21,33,2,94
247,73,56,88,56,77,71,2,41,19,76,0,34,56,44,41,24,54,26,24,9,62,92,31,39,21,60,95,32,73,50,27,28,19,94,87,6,21,1,20,83,70,68,67
248,93,55,60,53,36,53,39,33,93,89,54,80,7,75,12,19,88,81,97,12,50,75,38,58,1,87,65,28,28,81,28,9,52,96,71,64,97,18,55,61,47,17,33,24,34,51,85,62,54,4
249,8,4,5,17,35,1,77,33,62,69,99,5,65,71,97,25,54,55,72,34,60,3,6,26,28,78,47,68,97,12,10,11,8,31,26
250,40,22,11,3,97,5,45,8,48,32,8,79,7,49,17,35,17,13,98,39,52,87,46,39
251,30,15,54,70,32,43,5,83,27,33,72
252,99,17,68,80,23,25,5,6,46,11,83,70,18,69,33,27,32,15,37,28,38,91
253,75,55,23,48,43,89,64,87,88,57,89,89,19,43,14,6,47,8
254,64,78,22,9,47,70,15,27,66,83,50,35,18,81,48,23,92,28,35,87,30,64,57,82,19,92
255,37,3,31,69,41,32,45,63,76,78,12,22,18,6,66,70,54
256,96,18,24,13,97,37,95,30,34,29,55,86,62,15,69,68,65,94,8,53,23,31,57,30,58,35,35,62,85,85,72,24,27,55,36,61,32,56,66,18,17,11
257,91,51,15,19,0,94,60,78,5,87,46,32,14,7,32,0,24,77,67,73,24,19,98,95,49,32,19,42,80,81,4,97,76,26,48,33,40,82,85,49,11
258,43,62,31,60,10,67,38,84,1,82,33,71,74,67,42,97,27,91,53,19,52,61
259,7,23,25,8,72,6,6,80,62,86,82,84,92,81,9,59,99,18,74,24,80,29,98,55,39,55,99,96,63,75,2,47,74,19,62,59,17,6,4,90,16,60,60,87,4,93,34,71
260,50,18,44,14,41,1,60,82,20,32,62,84,81,0,0,62,89,93,2,16,19,29,10
261,60,4,6,92,86,81,14,82,2,68,47,16,3,36,13,90
262,1,35,39,18,58,3,45,92,73,60,78,52,79,89,1,55,63,89,46,8,3,44,81,37,26,46,90,52,15,26,83,22,10,95,87,70,85,30
263,97,42,99,42,29,75,62,36,48,40,82,69,31,72,22,89,88,39,28,65,74,13,43,81,0,4,97,45,81,89,47,29,39,52,5,32,53,53,81,10,7,15,30,23,62,28,23,56
264,88,31,37,38,99,5,80,90,86,49,96,34,34,20,6,22,64,14
265,38,16,70,36,1,5,20,40,15,47,86,4,12,56,60,97,27,65,79,76,60,8,81,9,95,68,63,13,83,41,59,34,62,74,41,64,97,93,50,74,16,0,77,55,89,87,51,81
266,39,37,46,7,27,71,19,70,30,79,74,57,91,8,36,38,53,99,71,20,43,5,98,39,93,91,7,9,21,55,2,69,88,71,32
267,57,60,71,80,61,76,73,48,38,29,65,2,82,42,5,17,39,97,10,10,76,25,14,73,19,56,72,96,6,21,55,14,21,91
268,46,45,95,11,49,19,25,20,38,56,68,50,41,66,5,86,82,45,77,10
269,72,92,34,14,91,63,55,74,84,61,79,30
270,54,98,24,45,73,74,34,21,16,67,86,31,54,17,59,38,33,54,35,44,45,97,13,56,66
271,35,32,6,96,61,75,11,99,35,48,16,19,62,79,2,54,91,26,15,64,13,17,19,1,73,99,8,28,95,96,24,55,68,39,13,30,99,93,37,54,37,89,59,70,70,91,70,76
272,92,69,98,12,47,37,49,74,62,64,44,10,5,51,50,37,76,47,33,27,68,48,91,55,31,90,47,45,73,17,66,50
273,80,52,88,44,30,65,55,20,82,68,87,29,78,87,31,12,12
274,7,64,24,87,91,6,8,11,61,41,25,42,30,30,20,1,16,48,71,85,87,97,82,29,94,53,53,76,85,53,23,89,90,0,65
275,17,86,78,42,61,70,92,1,84,82,28,14,90,98,22,45
276,78,28,30,83,89,21,63,64,30,77,97,51,82
277,19,71,84,68,39,4,89,5,36,12,29,61,86,0,20,96,36,70,46,19,0,58,28,76,94,19,3,69,67,32,80,91,61,32,71,6,95,91,82,52,5,71,78,62,34,56,4
278,88,20,37,19,79,95,3,28,83,78,5,5,74,43,95,92,56,53,23,83,85,42,89,1,2,44,13,52,78,20,14,71,72,10,87,42
279,61,35,3,44,90,11,19,99,85,79,74,85,56,81,23,69,70,5,48,66,71,26,63,25,37,28,39,40,83,5
280,77,58,45,91,19,14,65,95,1,86,39,37,25,77,96,0,25,93,84,38,76,1,66,98,59,11,0,54,92,16,98,24,41,8,84,11,90,11,83,74,61,95,36
281,18,51,80,8,66,95,88,62,78,81,76,6,25,42,23,20,56,64,6,19,18,5,39,15,15,68,18,24,14,90,38,39,54,38,89,99
282,34,85,59,50,80,9,51,51,58,53,90,60,31,50,64,87,15,61,88,45,9,85,1,77,7,5,69,15,98,32,71
283,37,65,19,34,9,11,4,36,91,34,43,24,14,81,43,0,43,59,8,47
284,8,12,53,28,69,53,31,89,92,98,63,52,19,21,81,5,0
285,77,25,82,50,76,96,47,63,90,57,17,21,23,65,88,30,23,24,21,70,9,88,17,88,47,74,10,74,71,71,55,85,45,72,76,21,52,70,24,9
286,53,82,14,52,32,64,2,34,74,74,84,64,1,52,87,97,49,11,52,23,43,97,9,12,55
287,27,17,75,89,33,8,7,80,51,82,39,80,18,51,96,88,35,78,3,24,77,98,31,25
288,79,42,37,5,28,12,13,89,13,0,69,54,60,47,81,80,68,74,16,64,74,80,67,11,58,91,53,54,58,73
289,19,66,3,67,45,38,17,75,13,93,47,44,85,84,21,22,25,8,18,41,84,62,56,22,29,75,88,39
290,28,31,32,72,72,63,63,66,61,79,5,36,13,35
291,61,1,84,10,59,77,95,78,47,23,94,15,27,55,54,31,21,56,46,88,71,45,61,82,36,54,30,65,19,22,21,84,64,42,86,79
292,83,91,31,93,58,51,0,19,33,58,36,1,47,24,38,45,69,81,66,51,40,18,20,33,58,52,73,20,28,61,95,10,22,24,40,5,23
293,58,84,33,28,38,73,45,17,66,24,40,36,6,74,65,95,97,18,46,29,78,73,27,39,3,52,42,6,38,9,97,42,32,42,7,38,61,41,81,99,43,57,98,29,95
294,21,69,2,34,43,74,13,76,37,2,63,66,79,44,28,30,17,16,88,65,27,82,78,73,44,73,79,21,31,1,55
295,9,36,45,6,35,82,8,29,5,43
296,29,65,14,83,59,62,1,96,98,60,4,64,60,5,94,84,11,51,79,93,8,56
297,11,32,47,74,38,20,21,62,74,15,48,53,57,98,21,56,81,95,96,23,48,71,81,12,58,55,54
298,25,6,75,56,12,2,36,37,88,0,37,19,53,53,60,24,56
299,93,47,78,18,90,39,12,17,91,89,15,1,60,10,60,25,22,98,60,91,0,4,57,62,38,6,76,88,1,55,31,20,75,64,41,46,70,57,46,32,0,75,65,57,37,51
300,8,12,8,38,39,89,22,45,45,8,59,43,83,80,55,91,39,34
301,76,19,69,4,33,89,67,24,89,84,25,87,52,0,26,64,31,10,54,23
302,51,10,89,57,70,51,96,71,33,27,60,28,73,49,57,90,91,17,49,79
303,45,33,21,32,11,72,15,56,62,32,23,37,69,26,48,61,31,16,23,61,37,46,21,0,11
304,59,48,82,34,51,51,67,41,33,41,99,25,98,97,15,4,65,22,56,0,78,65,60,65,23,12,13,79,67,33,11,18,50,89,52
305,97,60,16,28,11,75,44,3,68,38,91,23,90,8,88,97,92,68,15,91,92,74,83,11,5,23,89,15,3,41,98,84,92,23,80,37,35,34
306,70,4,2,92,82,94,28,64,63,93,24,46,25,81,78,18,70,45,57,53,81,88,54,18,73,49,0,48,49,29,49,19,86,35,49,81,1,62,5,29,31,27
307,14,83,74,49,14,68,81,25,11,69,19,93,84,33,24,96
308,71,34,53,37,59,61,67,70,91,45,32,66,73,24,40,24,30,59,7,24,93,49,99,68,82,27
309,77,26,72,85,11,3,37,77,96,0,30,96,78,16,31,17,72,45,61,28,98,85,61,71,76,52,11,41,78,4,45,12,21,42
310,9,0,10,99,46,70,39,65,76,67,32,33,51,66,15,34
311,18,29,95,98,61,87,97,16,46,88,4,31,99,31,7,87,95,51
312,4,15,63,3,28,48,88,74,48,65,7,42,48,2,1,69,96,32,88,40,25,33,93,64,17,76,55,61,67,50,27,32,75
313,95,52,94,77,40,54,29,52,9,39,65,84,61,92,56,12,97,96,51,97,72,65,75,43,55,36,21,11
314,73,22,96,0,24,88,14,35,53,17,68,25,31,74,46,26,39,67,70,88,25,10,32,24,47,21,33,95
315,37,64,2,43,25,20,38,55,37,71,21,56,2,45,82,11,23
316,79,46,44,97,58,86,42,72,85,95,26,97,15,57,68,12,77,20,14,76,30
317,77,72,7,38,64,38,74,42,0,34,1,65,41,98,83,73,43,75,92,48,79,96,19,34,49,10,90,15,19,51,74,76,21,57,0,7,41,31,71
318,57,92,79,25,83,56,67,40,73,51,88,95,0,25
319,9,99,8,94,52,89,45,58,51,35,94,0,0,23,37,14,1,6,15,77,81,77,32,98,11,77,14,30,78,0,37,27,90,96,1,96
320,51,27,72,65,77,95,84,48,10,48,64,88,44,30,44,5,85,5,72,20,17,98,13
321,64,91,67,4,39,72,88,42,58,57,75,93,78,72,15,47,0,99,91,11,62,43,83,62,40,52,61,89,83,93,81,14,68,76,2,4,33,91,63
322,26,26,15,25,21,1,70,89,71,31,96,49,59,73,47,35,74,96,72,60,98,73,67,25,27,84,6,34,52,85,5,37
323,83,39,47,53,98,88,47,63,63,67,76,57,60,15,32,66,22,51,19,6,80,2,58,26,14,97,30,2,90,32,49,71,75,77,12,43,75,9,28,6,24,55,94,76,67,71,93,89,94,0
324,20,13,15,0,69,98,8,84,81,53,55,88,57,15,91,7,56,25,82,32,18,13,58,8,26,48,36,35,42,31,72,19,22,96,61,12,79,73,83
325,87,80,95,90,99,18,14,70,37,26,18,75,23,7,3,34,44,14,38,29,98,61,20,40,2,60,65,92,9,47,62,60,19,34,10,21,70,73,15,19
326,83,90,6,2,37,89,55,59,25,87,83,41,70,46,62,95
327,14,66,98,11,81,67,78,59,31,99,42,27,64,43,87,41,21,4,87,36,2,8,46,21,49,98,58,67,99,85,81,76,64,97,52,25,48,72,58,31,15,95,58,97,70,33,9,14,8,22
328,39,56,5,53,70,12,89,79,6,95,57,20,11,84,6,49,35,79,26,96,74,93,62,39,51
329,47,66,67,98,94,98,35,72,94,24,80,99,68,57,39,86,93,72,48,69,84,41,82,10,38,53,44,6,98,25
330,44,43,55,1,99,50,28,80,98,23,95,55,90,91,75,45,63,62,13,43,3,11,73,48,28,44,44,93,13,29,51
331,65,10,34,70,40,49,8,9,38,59,94,63,30,87,11,53,0,96,44,68,19,55,33,65,23,52,29,37,46,79,62,56,99,16,45,36,0,4,33,6,92,31,38
332,42,71,90,58,32,99,20,71,77,93,41,84,49,70,36,68,6,54,69,12,57,53,27,33,71,34,16,24,52,83,58,6,26,15,11,57,30,6,57,76,75,44,60,22,80
333,81,63,68,24,37,67,41,0,40,31,14,67,32,71,54,83,14,38,83,91,47
334,7,87,31,71,43,32,3,19,98,22,37,28,61,68,6,81,29,18,76,92,97,55,14,38,34,3,38,42,49,68,14,83,8,28,66,0,13,85,89,13,92,69,54,56
335,55,64,35,54,91,51,98,87,47,78,38,99,6,22,87,58,93,59,43,11,30,66,23,12,20,71,91,42,26,70,15,78,95,82,85,96,27,18,63,32,70,4,2,3,1,62,53,40
336,55,55,81,80,32,32,48,44,13,43,48,16,64,37,73,34,17,82,47,58,55,45,24,28,99,74,20,56,79,17,67,60,22,34,98,36,18,95
337,81,7,93,6,28,16,55,56,60,76,79,67,15,40,91,72,49,20,72,96,22,79,29,46,14,63,18,50,36,90,52,5,72,76
338,84,14,58,79,68,43,29,83,52,35,48,77,44,2,62,81,29,81,36,10,17,40,3,35,73,65,55,76,30,44,5,54,29,62,63,23,31,65,57,19,82,90
339,66,66,14,74,84,32,43,65,53,45,59,58,22,78,67,49,61,56,45,45,44,79,56,1,77,5,5,35,78,97,20
340,60,69,49,84,63,49,9,86,32,93,29,79,99,23,85,49
341,7,75,17,60,72,35,66,26,33,32,53,25,52,24,94,46,98,64,47,90,52,59,63,20,86,12,75,73,7,17,33,38,68,3,13,52,94,56,25,3,3,92,32,48,37,47,47,60,55
342,64,82,41,28,21,66,19,80,42,93,21,41,43,61,2,92,20,73,63,67,34,6,84,3,3,65,34,89,67,86,88,39,11,6,55,82,66,16,4,27
343,6,26,10,1,6,74,10,87,65,32,0,33,49,43,20,59,15,96,58,89,76,11,15,92,51,24,3,64,28,98,51,7,41,79,75,61,38,35,62,50,4,17,55
344,98,4,8,56,12,0,86,3,45,43,39,2,29,11,52,82,97,28,39,5,45,26,54,14,51,93,75,20,45,22,47,22,91,96,34,81,36,28,96,13
345,45,70,81,63,11,32,36,26,19,40,43,87,68,93,57,19,57,85,6,73,63
346,24,47,19,86,92,92,25,85,29,93
347,92,7,49,77,61,42,89,18,28,87,6,85,29,80,20,70,24,80,23,92,73,63,77,71,28,90,32,79,5,60,40,13,78,18,12,18,29
348,52,9,61,69,99,13,46,25,4,9,33,2,16,49,78,9,95,38,77,50,19,33,48,87,34,70,3,62,56,88,33,39,9,49,23,98,37,3,7,98,13,25,7,47
349,77,46,49,60,32,52,14,2,21,49,61,80,90,19,65,44,68,69,58
350,13,56,46,25,77,62,49,17,55,94,43,93,22
351,36,31,52,77,30,20,70,38,2,42,98,2,33,17
352,33,57,38,78,98,13,90,14,69,25,59,65,95,11,38,26,82,52,50,2,64
353,26,47,41,78,92,49,33,26,62,26
354,20,9,75,44,54,61,29,77,30,78,78,45,15,89,71,63,87,96,71,46,86,39,66,58,77,14,63,67,62,4,24,63,99,98,56,3,54,90,36,98,5,80,67,56,3,74,19,61
355,41,14,2,12,63,77,75,79,88,93,40,98,34,35,10,94
356,94,1,4,36,9,71,8,88,42,60,78,46,35,34,66,9,56,44,56,44,30
357,85,71,34,48,85,57,97,97,22,67,5,24
358,75,21,25,45,42,7,82,53,49,19,4,79,72,96,65,68,76,71,37,6,25,75,28,85,84,69,3,1,11,31,95,45,53,72,80,14,73,1,73,28,82,67,24
359,98,30,64,32,3,49,94,78,43,95,7,63,32,62,13,49,80,66,47,72,3,66,48,25,43,16,85,50,10,51,49,96,83,31,13,6,42,16,65,73,46,51,50
360,84,37,99,37,22,34,87,57,91,71,17,17,91,41,2,16,8,11,1,91,47,30,85,12,64,96,96,11
361,46,27,60,93,95,89,41,13,54,47,20,53
362,46,59,93,43,53,86,1,27,74,9,58,80,74,10,66,72
363,72,18,12,80,99,55,30,79,77,25,22,35,63,44,30,40,57,53,15,33,43,56,2,17,45,60,52,34,53,8,14,57,25,45,58,68,55,73,47,68,66
364,71,16,76,65,76,23,21,79,23,71,24,97,66,90,99,97,66,61,37,73,73,88,32,43
365,92,46,87,86,49,30,80,44,85,68,31,4,11,57,55,58,85,96,38,9,32,35,77,19,73
366,5,96,30,43,86,95,59,42,2,31,74,91,47,93,86,26,15,0,12,23,5,82,97,84,69,73,81,33,40,22,12,15,73,89,98,1,12,99,85,83,22,9,15
367,35,23,31,39,0,74,93,94,77,99,94,68,90,64,39,90,62,56,77,97,93,82,69,86,3,63,26,22
368,30,56,53,29,10,77,7,79,79,23,35,99,65,69,76,82,95,35,16,63,40,29,3,96
369,23,34,98,73,95,59,90,77,76,66,51,48,39,13,88,36,18,20,87,53,80,27,56,34,56,29,0,34,38,31,3,79,8,86,80,35,59,26,84,17,76,8,78,28
370,34,82,79,30,26,73,75,46,6,33,81,0,44,71,99,90,75,81,4,44,52,39,25,86,14,25,68,80,85,30,3,96,58,85,61,74,22,9,5,92
371,65,64,1,57,1,66,88,79,67,88,46,26,14,30,12,83,19,0,84,19,12,39
372,48,38,22,7,3,56,70,35,46,95,51,44,28,79,4,21,40,28,14,47,3,0,42,42,39,26,42,91,49,62,11,82,5,20,69,45,61,68,23
373,76,75,85,89,14,83,24,68,66,73,25,35,39,15,26,47,16,50,90,26,51,2,4,46,77,77,36,72,44,70,78,26,13
374,36,83,81,22,66,25,8,65,45,82,90,38,41,35,47,37,12,61,65,70,57,66,31,54,70,60,8,18,71,86,55,88,78,84,87,93
375,16,12,85,93,47,13,89,0,15,31,82,40,40,23,27,47,14,56,53,74,4,2,97,80,31,59,48,25,22,51,62,31,30,95,80,59,23,66
376,70,86,45,91,86,35,53,98,49,94,76,38,90,77,60,61,52,93
377,18,51,30,49,15,44,30,92,35,73,46,63,18,19,64,45,32,90,49,72,5,51,98,10,56,92,63,12,28,32,36,20,60,21,52
378,82,32,48,97,61,85,4,83,53,44,9,50,70,55,43,3,74,14,59,87,76,5,46,49,20,90,36,47,23,39,67,27,25,59,65,83,19,21,17,22,60,4,6
379,24,67,73,38,28,85,28,51,81,33,33,19
380,30,86,95,94,73,12,84,54,32,95,77,1,26,48,12,75,36,54,22,15,33,27,29,14,97,70,17,72,45,21,30,59,50,77,82,2
381,48,75,11,27,80,36,2,80,10,81,10,7,37,60,27,68,0,56,14,33,16,86,80,86,66,19,93,65,50,61,2,9,76,99,67
382,76,64,7,79,79,18,81,30,72,48,67,1,57,95,78,17,38,49,6,87,96,24,42,40,60,79,8,91,71,74,9,77,61,52,95,55,11,49,76,87,42,62,36
383,78,7,64,82,48,91,97,3,3,51,5,9,74,77
384,80,31,23,19,63,25,69,38,63,81
385,79,37,75,25,49,77,91,58,35,95,82,8,6,50,94,75,33,64,47,79,11,34,74,67,4,52,84,79,93,9,50,34,7,65,87,66,66,28,56,90,99,81,45,44,97,19,34,72,40,84
386,32,0,71,82,92,68,44,72,5,96,20,30,55,30
387,39,45,25,93,64,6,91,91,80,70,13,0,27,10,21,93,95,17,40,77,43,92,30,57,71,68
388,39,49,15,53,77,42,1,27,96,96,50,29
389,80,19,74,55,49,17,79,88,19,57,83,82,63,73,96,18,4,76,24,3,35,75,56,8,80,63,27,77,8,23,48,44,99,46,57,30,59,42,92,48,77,26,24
390,84,89,5,72,23,88,17,25,3,49,67,54,1,39,86,27,52,19,24,8,99,92,62,55,31,3,11,29,27,70,15,8,67,95,97,33,57,77,78,23,86,39,59
391,90,60,19,60,39,64,89,3,84,69,12,83,99,34,44,92,67,33,49
392,4,16,52,33,9,11,75,14,48,24,82,53,86,51,60,66,47,73,11
393,24,73,59,18,20,14,94,84,52,44,10
394,39,46,2,26,7,53,50,50,73,52,53,41,30,76,57,43,94,94,66,80,45,39,44,64,69,87,23,86,95,95,89
395,99,14,55,19,63,4,2,47,37,35,49,1,40,26,63,9,76,99,2,29,6,32,67,9,36,73,66,53,67,38,67
396,62,25,95,45,30,76,17,29,63,97,48,57,90,58,81,61,27,32,67,2,83,3,87,33,99,29,15,18,52,28,75,0,26,62,62,10,7,28,59,19
397,71,28,15,47,31,68,99,17,73,89,28,89,93,49,67,67,21,22,40,94,38,6,33,87,73,28,38,18,85,89,75,40,99,59,61,68,15,92,39
398,11,72,98,11,74,68,89,52,27,59,15,30,56,55,69,11,66,17,91,68
399,11,31,59,51,7,67,60,19,84,61,2,61,88,36,37,1,73,45,73,90,98,88,43,57
400,61,52,45,37,40,72,77,80,45,56,10,78,16,43,38,24,81,11,59,97,19,76,67,11,93,39,98,51,62,41,22,93,42
401,83,33,42,26,0,48,31,64,0,26,64,89,66
402,19,53,5,0,39,43,88,67,83,91,19,30,82,0,62,10,34,68,14,99,39,90,75,29,18,51,38,97,36,87,32,51,34,18,75,23,62,26
403,89,28,46,2,59,86,85,58,45,46,79,92,92,63,13,3,76,31,41,6,1,63,64,91,33,4,79,65,91,63,61,53,28,76,59,53,66,61,91
404,19,70,75,24,24,97,26,4,3,92,25,62,5,74,64,61,24,23,64,36,72,55,65,58,88,47,44,70,32,97,2,29,40,62
405,30,12,93,73,46,58,22,1,64,40,60,87,83,91,52,45,26,75,68,44,21
406,81,15,32,91,98,39,1,67,33,58,62,22,23,11,24,92,80,87,42,32,5,2,56,3,32,89,5,54,97,69,11,2,54,54
407,32,96,1,71,80,21,20,57,7,60,47,63,78,76,68,71,92,30,28,82,3,37,29,8,18,7,61,40,43,54,33,19
408,76,8,70,80,21,15,45,88,88,93,78
409,97,91,99,87,94,37,34,36,60,89,7,16,85,38,19,13,24
410,52,97,46,96,52,43,88,8,56,31,66,57,38,64,87,70,31,67,98,50,39,94,85,25,62,98,36,95,1,33,22,91,2,80
411,94,74,8,64,0,9,82,10,20,11,69,21,75,5,67,49,50,30,43,80,21,10,22,79,80,74,11,22,61,58,73,1,13,7,60,71
412,16,23,25,61,44,69,32,71,35,87,47,65,23,34,36,24,37,30,2,50,89,26,14,0,59,17,26,25,40,6,26,23,17,96,98,8,87
413,49,18,88,11,49,35,93,33,23,99,81,24,42,80,23,59,36,12,45,58,1,43,5,95,77,56,20,59,13,65,97,23,6,7,88,75,74,65,49,96,43,42,17,6
414,10,56,1,93,81,32,26,82,90,73,22,96,74,38,54,67,61,81,89,48,40,47,99,51,66,43,64,58,65,85,14,35,24,11,65,21,46,44,71,84,26
415,40,63,86,5,88,40,51,81,44,91,23,13,11,11
416,22,85,98,31,49,91,88,83,97,6,72
417,13,19,15,63,29,96,2,32,71,52,94,52,77,21,75,53,27
418,74,82,87,78,53,65,78,24,29,34,1,97,70,19,48,48,96,82,44,79,1,24,11,0,15,66,67,54,28
419,7,67,65,81,78,63,5,15,70,39,83,29,17,45,67,90,52,64,62,98,3,84,79,13,49,95,27
420,77,51,14,29,15,19,31,39,10,38,27,45,71,99,89,13,90,23,19,99,85,5,33,19,94,4,58,72,70
421,1,26,20,23,60,15,10,35,57,84,56,60,83,51,4,68,76,25,7,55,77,52,7,5,74,94,40,75,16,21,84,45,97,64,31,63,56,20,44,47,50,13,60
422,89,48,49,25,43,65,22,36,95,2,14,11,76,86,14,0,43,52,85,41,0,28,47,62,72,0,45,80,39,13,17,35,77,17,50,96
423,77,52,22,35,16,26,86,80,55,48,35,37,13,3,0,13,50,20,97,18,59,54,12,11
424,12,35,70,94,15,28,50,58,60,34,2,76,87,8,57,61,13,93,3,75,48,86,81,30,65,83,16,60,13,96,18,74,89,40,66,7,29,89,75,7
425,72,45,28,42,40,40,69,30,14,85,19,19,55,51,5,55,17,55,4,20,68
426,44,83,46,71,95,26,19,43,72,85,75,46,17,14,70,19,30,19,5,99,17,88,58,55,37,33,70,71,47,6
427,83,5,15,19,55,56,28,30,52,37,58,23,58,35,11,46,81,68,19,2,17,92,88,5,10,85,41,87,96,57,99,9,24,90,69,18
428,4,74,30,22,91,37,17,81,82,85,51,55,83,51,82,31,22,53,51,59,54,49,71,46,74,19,33,9,77,68,53
429,88,28,39,12,1,19,49,55,9,76,79,72,68,42,65,21,45,1,96,91,74,53,23,29,41,31,2,29,84,37,76,33,71,34,29,74,64,43
430,23,69,85,65,53,46,57,66,22,6,55,25,61,52,95,39,65,83,97,30,65,54,71,12,16,79,81,8,61,58,74,57,67,38,54,5,40,98,80,78,32,73,23,88,73,60,20,86
431,92,99,47,52,12,79,41,9,54,27,72,32,29,84,89,74,12,81,11,44,34,7,56,93,77,13,82,28,95,19,44,95,15,75,55,87,29,45,98,84,29,46,9,47
432,32,15,3,66,61,7,18,72,45,85,70,84,9,31,17,67,74,94,5,10,63,88,73,97,45,11,88,3,97,63,31,56,43,74,43,38,98,69,29,51,7,53,12,72,24,99
433,27,58,48,0,47,39,64,62,60,2,17,3,46,52,3,4,68
434,67,47,70,20,41,86,48,28,2,49
435,64,14,15,52,63,73,69,71,57,53,87,7,53,4,56,0,35,11,88,36,49,30,61,35,7,11,64,41,22,39,74,42,35,25,27
436,28,86,58,26,50,78,27,29,17,35,78,54,11,60,50,8,32,90,94,20,64,52,91,21,2,10,67,39,44,10,66,54,78,22,44,67,75
437,35,66,7,59,42,68,94,70,35,49,54,59,74,31,10,22,44,97,59,7,8,18,39,34,31,22,36,70,23,52
438,67,78,98,43,35,89,34,2,54,13,42,38,66,89,74,28,94,22
439,35,31,0,39,72,45,11,80,35,37,31,27,5,12,48,66,41,60,17
440,90,34,15,83,93,75,75,90,48,28,66,37,67,14,17,26,20
441,57,13,51,40,27,21,32,32,42,57,60,49,75,20,9,59,62,64,83,29,31,79,69,29,39,85,70,87,22,19,81,29,25,24,32,14,73,89,97,41,47,11,36,67,27,81,74,86,1,30
442,0,87,16,24,47,49,95,45,78,2,25,65
443,64,18,21,96,20,85,13,62,12,37,15,33,5,14,78,13,41,16,86,5,38,75,27,67,41,18,72,64,67,45,55,41,30,25,51,37,35,55
444,11,12,66,15,52,29,15,26,74,65,22,76,76,51,22,28,42,18,66,70,57,35,99,3,40,1,15,81,78,40,24,39,72,47,90,1,80,31,99,83,91,77,89,44
445,71,78,34,46,9,27,72,40,23,67,85,85,59,16,36,67,41,64,41,73,6,53,80,64,46,35,52,86,62,52,43,78,51,10,40,96,89,21,78,86,11
446,81,34,72,74,4,19,75,82,10,10,80,40,17,20,92,43,57,45,11,95,69
447,33,68,41,37,50,61,96,26,75,20,40,5,47,99,92,90,86,0,98,43,22,42,16,37,75,51,38,50,89,42,37,94,66,18,30,39,85,90,9,61,95,29,28,80,92,66,61,41
448,60,38,12,91,67,64,3,37,22,87,56,7,42,0,72,62,77,52,4,21,9,81,62,23,12,55,14,76,23,11,96,3,23,16,81,35,20,14,77,24,42,28,86,33,86
449,32,25,73,28,98,55,41,78,62,39
450,8,86,18,7,17,50,1,76,62,70,87,44,2,27,1,9,66,86,8,26,86,1,2
451,32,91,42,1,30,41,46,99,71,38,75,93,56,91,44
452,78,55,18,51,11,54,84,55,19,27,7,87,76,12,35,55,6,58,98,76,33,9,18,67,53,65,37,21,12,1,19,40,78,84,13,45,98,46,61,66,57,21,95,96,46,21,35
453,9,98,44,15,57,77,97,49,96,11,99,12,73,57,72,30,21,97,67,23
454,10,0,12,43,47,83,33,74,47,57,36,21,21,16,8,55,63,65
455,50,31,71,88,18,5,97,83,64,94,44,8,17,31,81,10,81,87,40,6,41,66,63,24,11,94,60,38,54,55,88,50,73,95,65,59,31,93,24,79,89,51,49,80,5,68,16,72,40
456,84,64,47,67,15,24,25,0,14,82,0,6,27,85,47,30,37,37,13,40,79,9,26,1,26,19,3,82,44,38,54,74,98,10,67,26,66,6,41,69,6,10,74,76,22,35,67,12,40,28
457,83,67,82,21,42,53,58,78,24,71,60,77,25,59,4,81,22,32,8,30,60,31,0,4,60,89,81
458,65,82,70,12,74,32,94,16,83,92,96,31,83,27,5,44,73,49,47,27,43,13,46,40,77,77,59,73,71,92,74,58,29,1,66,28,32,94,73,86,1,3
459,1,83,66,14,87,58,92,18,23,79,37,86,39,76,53,40,14,52,91,73,8,4,8,29,97,41,5,70,51,38
460,42,74,87,98,27,82,24,99,93,22,83,0,34,87,5,70,10,11,87,89,25,97,14,64,78
461,46,53,39,40,15,90,30,76,63,40,79,17,71,54
462,87,1,58,96,96,51,76,57,67,54,28,3,96,83,43,45,93,50
463,6,43,81,67,69,71,36,76,92,56,39,2,40,43,1,79,62,39,48,4,57,67,66,79,91,29,99,53,10,20,2,63,80,90,78,15,68,44,69,10,40,36,16,86,84,94
464,10,0,39,55,54,15,46,70,9,20,68,26,44,77,68,42,78,44,52,0,23,74,75,80,46,32,92,54,82,12,31,33,17,32
465,96,56,90,25,8,83,55,81,12,63
466,68,45,33,56,73,57,38,63,16,74,16,88,63,85,75,64,47,98,18,56,10,15,17,18,84,56,14,29,77,38,75,3,77,8
467,22,89,87,24,23,50,17,99,3,7,50,93,21,94,3,58,65,53,89,70,91,11,27,40,20,98,66,50,38,14,86,87,99,48,25,46,99,98,49,41,10,4,35,70,10
468,55,18,67,57,72,53,18,85,32,78,60,2,89
469,10,44,31,37,35,46,66,3,10,79,93,24,49,88
470,49,11,0,28,8,78,23,81,9,46,43,80,92,47,4,11,24,1,27,29,56
471,0,96,35,12,38,38,42,60,89,64,71,41,94,22,13,29,57,60,63,71,16,19,34,51,96,37,82,15,79,77,8,30,29,50,11,77,51,11,57,95,61,1,70
472,12,46,65,13,49,9,90,54,57,16,87,33,30
473,59,50,95,29,49,11,97,91,51,78,85,61,26,61,98,14,25,69,88,48,3,66,34,24,51,70,50,87,65,1,83,40,50,44
474,13,87,89,48,41,98,86,94,3,70,76,39,44,89,24,58,59,33,0,0,98,17,19,34,13,91,30,85,19,3,48,25,17,49,27,34,99,84,81,7,2,63,34,84,12,93
475,87,7,62,83,79,85,8,25,31,58,76,10,22,96,27,23,51,71,45,52,31,69,81,64,19,25,81,27,77,60,10,45,47,29,29,54
476,94,33,85,34,9,97,83,61,77,89
477,54,66,69,75,60,51,98,26,68,97,94,49,43,54,19,69,90,53,80,42,74,78,35,18,90,34,67,74,90,36,66,70,34,40,83,25,52,60,63,99
478,49,21,30,84,44,4,40,47,42,65,67,88
479,35,52,57,63,92,87,37,7,45,51
480,41,21,22,38,22,3,35,35,94,6,75,34,28,70,72,31,89,37,93,88,83,40,68,87,25,81,89,62,88,54
481,66,10,12,73,8,0,70,19,29,80,76,20,64,24,84,56,42,85,36,75,45,60,46,33,58,63,10,45,2,33,34,33,16,99,92
482,61,86,44,30,73,22,29,45,70,62,83,21,19,43,63
483,91,12,98,47,8,2,3,71,19,44,81,53,34,87,33,69,18,88,42,12,26,24,15,9,44,5,26
484,87,34,27,27,31,17,56,2,26,61,40,99,35,51,49,19,61,6,3,89,25
485,60,62,73,64,79,86,63,72,29,90,70,75,71,87,15,89,62,31,67,98,33,93,13,49,9,16,44,5,94,39,80,8,9,67,78,27,18,26,89,25,73,16,75,53,78,85,37,54,18,21
486,1,13,12,49,65,22,35,32,68,90,13,30
487,45,59,84,55,78,13,36,43,33,1,63,25,68,51,88,78,56,92,93,79,58,26,40,93,18,0,77,26,43,53,55,21,89
488,0,32,24,9,19,41,82,35,77,63,4,50,28,79,23,61,61,35,62,28,60,44,44,91,42,24,48,92,23,95,36,41,98,41,20,32,46
489,15,89,58,34,96,38,25,83,11,63,53,38,51,97,31,26,57,33,88,77,63,90,82,9
490,19,21,27,41,24,85,14,49,44,82
491,94,55,11,57,9,62,12,28,99,24,39,35,96,13,59,90,42,87,16,87,88,32,18,93,77,58,24,16,87,18,69,24,16,21,43,97,28,62,8,80,23
492,50,75,54,27,30,10,54,50,94,89,89,4,8,32,11,29,12,55,77,85,66,56,64,11,88,42,60,16,3,42,99,2,15,41
493,60,70,38,19,32,75,84,46,56,29,83,34,92,67,43,63,28,58,53,87,98,69,38,86,31,69
494,91,82,22,79,0,95,23,85,33,49,14,34,46,95,39,75,44,66,55,36,35,80,0,35,69,14,36,84,9,67,68,67,3,64,56,64,85,84,36,20,96,41
495,24,50,26,18,87,15,12,59,6,86,24,29,8,66,74,32,64,90
496,21,29,55,27,39,92,88,72,62,91,48,7,40,59,25,99,43,4,16,6,19,77,2,12,45,13,78,80,42,86,92,59,63,90,18,16,33,7
497,77,21,56,45,41,1,29,63,56,78,86,99,35,79,21,14,92,59,32,61,34,96
498,8,39,60,69,90,75,69,85,10,17,16,54,51,69,61,72,45,36,43,84,76,9,36,66,87,61
499,61,74,77,56,36,77,17,33,83,5,40,43,43,16,52,24,91,9,4,49,94,26,40,69,26,19,74,8,96,16,74,56,11,15,89,80,96,67,3,38,39,5,87
500,71,73,4,92,47,37,49,80,81,54,63,81,81,12,99,5,75,62,79,19,91
501,69,98,94,3,63,42,66,48,11,81,82,40,19,85
502,9,58,10,71,38,25,26,13,55,20,6,27,39,5,20,57,73,27,13,90,96,0,74,51,7,85,74,36,30,92,71
503,43,5,95,22,82,70,34,49,88,0,51,12,50,30,75,19,18,41,45,48,34,75,9,7,19,89,4,77,94,32,90,34,37,55,35,40
504,67,50,46,2,93,44,79,25,56,22,72,94,92,23,88,34,99,80,81,78,55,93,97,20
505,5,69,60,0,95,95,23,31,17,23,87,33,45,54,40,99,99,66,61,11,1,70,20,84,71,62,25,66,72,17,45,53,49,67,40,87,1,2,12
506,49,29,97,80,55,58,7,49,42,17,55,52,81,30,91,34,94,38,71,96
507,95,64,35,57,25,9,29,27,52,49
508,7,87,70,76,25,76,91,0,73,90,92,25,18,0,15,97,92,12,90,95,72,44,70,12,83,2,35,34,84,87,54,98,50,30,8,68
509,14,48,83,34,93,68,3,8,5,44,34,25,16,17,43,98,81,34,27,44,23,78,82,8,78,89
510,43,93,48,39,44,5,24,75,81,73,31,2,35,79,75,28,43,59,87,42,13,84,57,0,23,3,69,69,75
511,1,31,62,69,78,10,23,86,57,19,68,86,20,69,91
512,16,48,24,9,82,2,51,91,29,63,90,95,70,42,26,43,3,75
513,5,58,97,29,91,11,67,29,22,9,2,85,58
514,45,53,97,40,45,7,88,5,61,22
515,56,15,35,38,9,42,13,62,4,27,19,26,69,27,28,30,68,75,11,50,49,11,37,72,7,93
516,1,70,13,94,89,70,58,56,53,43,64,44,87,67,37,38,13,75
517,78,28,47,45,91,4,29,22,45,89,29,58,81,80,51,51,79,32,65,80,88,12,47,17,42,21,97,8,5,34,18,96,91,60,52,19,52,89,55,90
518,57,43,2,27,79,93,96,65,70,13,32,15,91,96,50,77,28,73,29,52,87,69,26,47,53,4,99,62,83,47,8,24,3,65
519,4,28,98,6,75,75,87,47,41,74,27,42,62,23,82,23,39,98,53,67
520,12,3,27,89,0,72,79,47,12,11,14,66,61,69,4,59,28,29,62,34,33,26,89,60,6,74,85,6,50
521,37,10,4,65,80,14,46,42,16,38,71,81,47,63,73,67,79,30,97,87,71,62,92,61,92,20,46,95,14,1,50,81,59,66,62,50,2,67,75,73,70
522,93,66,82,38,83,31,33,43,53,83,2,90,15,91,2,22,31,10,99,53,84,2,33,76,46,26,72,78,29,75,61,82,49,76,94,59,57,2,32,0,57,0,49,73,58
523,79,41,4,51,72,20,39,60,19,53
524,93,92,86,14,69,9,84,24,78,80,15,34,15,3,49,68,2,90,11,25,5,67,86,86,50
525,76,82,45,30,20,57,6,36,15,73,45,62,45,42,71,84,72,49,38,51,68,66,20,98,48,68,73,59,8,12,59,49,76,51,15,41,62
526,79,73,81,89,30,13,26,93,68,58,32,56,4,6,79,25,84,21,72,48,84,94,57,3,98,17,68,93,46
527,35,10,42,59,32,44,13,25,79,0,46,1,21
528,44,7,66,74,52,42,32,87,47,52,87,90,79,81,65,72,9,85,7,29,64,45,93,85,61,43,19,37,75,11,41,75,54,42,63,20,93,47,86,30,85,53,50,74,73
529,29,20,28,72,29,54,98,52,82,76,50,13,79,21,60,74,55,79,7,96,88,52,84
530,72,9,63,82,32,10,6,56,66,73,39,9,26,24,10,80,33,36,57,89,7,11,61
531,75,26,71,52,57,13,67,44,17,1,76,58,91,91,84,27,67,27,4,25,57,24,69,61,53,71,30,42,74,3,62,49,98,68,1,86,44
532,67,49,53,44,41,22,23,28,96,58,80,42
533,74,55,93,59,3,62,44,95,73,81,2,43,18,74,9,85,78,19,12,7,24,96,3,88,80,89,50,71,49,65,70,41,95
534,47,24,89,36,19,90,97,79,92,39,0,49,57,99,17,82,87,13,94,6,47,84
535,65,93,35,32,82,67,94,9,87,76,15,56,32,32,23,62,50,64,44,48,22,44,20,70,26,25,32,24,68,54,87,59,7,60,77,90
536,37,68,14,61,73,78,84,52,59,65,84,19,55,56,42,17,66,64,33,87,71,96,19,16,42,73,48,86,15,81,84,77,68,38,20,90,13
537,57,2,52,68,44,53,16,33,85,2,43,54,19,37,17,40,98,72,41,22,28,95
538,55,34,55,88,61,70,30,57,16,95,85
539,17,77,94,40,25,55,41,7,38,7,63,2,18,39,63,73,19,75,13,96,19,76,76,13,63,45,60,92,23,97,97,52,7,63,11,50,57,94,7,94,84,41,26,79,72,32,17,12,83
540,1,29,4,25,26,27,87,92,96,68,42,24,38,99,47,58,39,35,66,71,38,33,5,37,13,47,99,79,50,88,39,83,7,18,64,7,85,39,23,39,16,49,51,64,45,12,48,75,52
541,62,17,24,14,37,32,74,70,23,60,47,96,38,20,83,49,21,84,47,27,7,62,86,40,59,61
542,99,42,69,11,57,58,30,68,34,19,9,51,6,16,5,14,39,69,36,96,11,53,73,45,68,91,90,18,44,98
543,73,88,70,4,47,37,77,80,66,97,3,36,28,64,66,4,21,11,95,83,75,99,50,49,80,55,92,85,10,66,68,60,19,88,15,85
544,76,69,44,50,4,66,14,42,99,5,14,43,27,64,46,47,2,17,30,55,22,10
545,96,94,9,87,54,65,90,23,57,38,93,18,73,93,15,14,9,4,33,67,68,18,73,8,37,11,50,66,34,38
546,10,24,71,64,3,58,92,38,98,91,86,40,14,41,22,82,32,52,2,86,91,96,70,5,57,77,15,45,82
547,60,53,43,80,5,95,76,87,93,23,86,45,24,4,55,84,45,8,40,9,35,23,37,44,6,37,30,50,69,94,62,64,70,64,76,46,66,9,97,65,25,90,56,79,49,83
548,37,39,0,83,17,7,42,15,2,42,8,38,86,3,97,9,72,10,3,65,70,51,93,79,73,46,66,87,48,69,51,43,56,81,83,48,67,75
549,71,0,66,50,21,82,97,94,1,47,30,42,23,90,14,92,58,18,38,24,71,53,91
550,14,33,90,28,71,5,26,61,93,61,2,4,47,1,52,73,32,55,44,78,49,87,19,59,18,60,91,95,17,10,80
551,30,8,73,84,52,92,77,83,15,73,94,29,93,65,76,69,91,99,82,50,51,64,13,96,42,15,10,39,96,19,79,64,93,34,44,21,24,55,92,93,55,56,10,38,2,90,8,4,77
552,22,95,57,55,13,0,27,99,28,21,40,83,1,51,25,21,13,30,70,63
553,96,10,82,50,14,86,78,20,72,56,75,14,24,8,85,62,27,57,20,83,28,89,50,33,38,15,51,46,40,11,40,71,72,96,92,90,62,14,23,49,10,2,32,56
554,15,94,33,57,68,59,73,9,80,38,16,92,26,7,46,38,65,25,40,8,1,80,38,60,13,1,11
555,76,80,7,39,26,37,42,41,60,75,57,59,28,85,34,91,92,85,52,53,94,63,45,38,49,20,54,7,87,62,85,9,94,29,15,90,14,15
556,49,40,19,30,58,25,35,21,46,23,22,14,3,89,26,1,25,3,39,38,36,44,88,44,77,31,70,3,4,30,15,99
557,37,89,62,11,4,14,0,52,4,40,83,55,95,37,53,44,4,9,6,61,77,95,55,90,17,67,65,63,66,94,20,85,67,5,99,49
558,12,61,2,99,73,19,22,63,17,8,77,36,74,98,74,1,73,50,58,14,48,8,35,2,20,42,34,46,41,31,81,93,17,84,73,55,47,38,7,97
559,99,98,66,95,39,62,12,60,3,12,35,13,68,63,87,45,74,85,37,94,69,98,79,26,70,83,5,8,43,83,41,35,61,13,28,90,7,1,6,28,56,56,99,47,21,27,20,12
560,31,58,41,89,33,91,27,75,13,13,91,76,81,92,41,55,44,36,25,51,48,36,46,53,41,32,96,71,76,21,10,59,12,11,37,3,29,52,72,38,11,39,84,36,9,52,16,32
561,67,55,7,70,1,50,83,81,36,90,14,13,87,38,96,76,77,98,58,98,6,28,4,41,83,56,11,60,28,47,57,33,41,32,28,75,90,40,9,30,20,96,46,94
562,61,90,23,39,40,4,53,45,52,76
563,92,97,53,93,57,3,14,83,73,4,92,12,25,35,88,65,92,54,99,4,98,15,5,37,7,31,68,29,62,60,78,88,16,93,50,73
564,0,86,21,8,55,89,97,84,12,51,82,76,96,5
565,93,68,63,70,91,60,86,66,52,59,96,34,5,15,30,3,59,93,5,85,38,34,41,92,55,47,83,97,63,51,12,9,3,23,93,90,96,33,30,37,24,82,71
566,23,27,77,11,15,71,72,82,3,40
567,7,20,83,64,98,66,85,52,28,98,24,94,84,50,8,48,50,40,76,22,57,92,81,88,90,82,9,71,15,19,0,94,26,57,9,53,61,49,72,25,28,86,65,67,10,32,72,32,23
568,2,26,86,2,1,17,43,47,53,69,10,85,76,67,88,21,28,3,74,84,43,87,8,65,88,51,2,75,65,30,98,41,88,30,47
569,32,77,19,10,81,78,81,39,27,11,81,8,5,93,57,82,38,46,76,57,89,64,1,3,83,42,31,58,78,64
570,72,16,32,9,11,69,19,17,19,38,72,30,27,28,3,13,21,17,23,53,41,82,70
571,8,74,64,97,8,55,32,21,44,23,26,61,35,82,20,42,25,75,20,10,73,93,62,52,91,72,4,2,61,77,98,17,78,35,60,4,95,52,19,94,82,88,28
572,81,52,64,16,7,80,53,14,14,51,78,56,45,72,70,91,46,11,71,5,64,76,43,61,15,40,8,63,41,67,96,93,29,99,60
573,79,27,14,65,38,79,42,82,90,80,25,5,47,27,54,0,40,3,11,27,40,88,24,44,62,72
574,25,20,26,27,31,26,66,50,47,6,60,31,23,48,59,82
575,36,90,95,29,16,15,61,3,95,20,95,73,1,32,50,63,16,30,6,96
576,40,51,69,77,55,60,81,21,31,99,58,85,75,61,34,32,8,17,44,75,88,16,85,65,49,83,88,59,58,96,66,81,34,44,70,19,96,46,53,86,32,2,58,91,32,93
577,10,15,56,46,73,35,4,38,80,65,99,63,17,87,18,40,36,50,41,59,5
578,29,55,79,32,25,9,81,19,54,16,32,70,16,22,40,85,46,82,92,59,7,16,52,69,96,84,74,98,42,67,98,38,80,79,19,80,94,73,71,56,28,90,79,51,10,3
579,16,34,66,30,7,85,79,38,75,8,96,71,92,27,66,18,68,95,32,64,29,95,73,58,33,76,30,59,60
580,14,53,6,58,3,1,69,31,46,75,11,81,6,27,42,67,53,37,23,59,4,12,42,14,30,13,44,10
581,24,51,81,82,83,72,63,67,15,93
582,82,5,98,25,44,94,95,24,47,72,9,95,22,36,94,29,71
583,37,21,87,29,91,54,75,19,77,88,43,22,44,95,1,50,51,84,55,23,91,65,13,46,79,52,81,55,48,62,69,71,21,18
584,4,5,80,26,88,82,42,15,35,48,50,98,25,36,19,3,51,14,54,90
585,4,94,26,95,65,83,91,87,44,48,24,91,39,37,14,71,11,48,11,26,23,11,94,78,73,46,40,62
586,75,50,36,14,8,26,42,6,34,26,43,2,44,3,51,23,15,0,99,63,95,18,95,4,52,88,78
587,72,74,84,7,40,58,72,9,7,83,17,4,98,88,55,26,10,81,43
588,40,79,4,43,10,78,17,71,56,29,88,35,30,76,68,99,2,57,67,39,86,70,12,85,87,92,72,33,53,90,76,73,2,60,2,83,55,89,61,21,19,84,76,15,67
589,0,39,15,28,13,2,1,55,90,11
590,91,45,62,89,17,63,36,95,33,89,86,74,89,87,84,68,25,91,3,20,33
591,30,12,46,7,62,22,98,53,13,79
592,2,19,47,12,14,80,82,5,70,57,84,96,15,85,69,85,23,52,0,34,63,33,57,68,12,24,18,39,47,55,51,72,87,21,94
593,85,14,62,25,44,56,5,32,77,61,21,99,50,78
594,88,86,78,86,33,8,48,88,73,69,38,8,73,65,91,11,14,54
595,9,79,32,90,80,7,24,55,60,35,92,72,87,36,81
596,60,37,20,10,37,38,11,20,22,66,43,83,42,49,59,40,22,27,56,36,41,26,97,35,46,14,19,47,94,0,18,50,45,1,34,93,28,5,64,51,65,28,5,98,42
597,57,53,41,48,10,85,73,69,24,77,59,96,13,14,32,61,18,73,94,88,0,94,67,89,5,54,85,82,28,99
598,12,8,50,26,86,33,79,56,76,29,22,75,32,33,55,46,83,24,95,15,6,66,97,54,99,26,72,62,60,83,67,15,76,64,90,0,18,74,19,13,78,7,60,98,26,80,16,63,30,70
599,57,56,90,17,90,64,39,88,12,35,86,30,19,87,0,98,57,87,60,60,41,69,15,73,40,42,21,13,60,54,6,17,34,65,6,63,90,42,84,7,51,70,37,60,46,33,81
600,40,42,3,80,39,76,93,68,81,45,60,56,37,10,93,52,64,22,2,62,35,70,16,18,63,38,93,48,33,9,39,18,13,77,15,88,84,14,25,5
601,39,69,54,33,92,91,83,97,94,0,60,53,88,80,94,32,30,1,2,35,93,78,66,32,75,9,60,83,53,91,24,8,51,68,82,92,6,4,5,7,38,62,35,87,32,20
602,26,15,45,32,18,71,21,74,89,58,4,43,85,15,34,21,98,69,62,14,35,2,95,14,76,9,79,31,73,53,40,37,45,92,53,28,46,49,82,36,60,86
603,70,73,17,75,65,55,33,22,91,22,54,85,62,34,51,99,65,84,61,36,1,77,49
604,3,36,37,31,96,33,27,53,12,60,23,14,14,32
605,81,5,56,95,86,5,51,41,95,37,48,47,23,94,3,11,55,76,27,0,9,76,76
606,64,58,61,21,47,30,75,70,26,19,14,94,62,11,81,62,98,26,64,6,6,10,65
607,12,4,0,66,31,54,6,55,68,40,25,55,77,28,77,46,44,86,83,37,69,5,3,27,92,94,85,28,73,62,56,35,10,63,22,3,87,56,73,32,61,54,0
608,77,92,54,88,38,97,44,77,30,78,20,35,17,6,26,67,40,83,40,22,0,88,94,7,39,28,14,0,96,7,37,51
609,66,23,93,5,5,56,1,6,6,62,34,74,81,76,56,30,60,6,2,50,0,8,50,0,5,17,56
610,3,96,97,31,11,86,12,63,18,36,27,9,5,76,61,10
611,6,51,36,73,60,89,73,39,71,0,82,51,95,46,17,96,38,74,29,37,40,49,7,88,43,38,95,43,86,27,37,19,33,44,22,82,44,2,11,44,36,44,0,78,90,14,3,40,11,44
612,2,6,5,22,74,42,70,43,68,91,49,28,46,8,23,68,39,44,94,2,84,94,40,12,3,19,14,83,96,78,53,5,93,26,51,50,13,56,54
613,21,29,74,70,35,72,12,45,93,78,47,38,90,33,6,16,44,55,97
614,3,40,74,16,6,86,0,65,44,66,55,32,8
615,78,15,22,61,35,83,66,12,49,65,84,55,60,73,23,4
616,22,94,92,44,81,37,8,83,90,72,7,10,61,27,41,34,59,30,74,71,72,80,16,66,37,0
617,28,90,79,15,1,34,25,39,49,60,86,50,57,34,1,72,77,57,97,23,97,23,84,27,90,9,42,56,93,25,22,49,15,89,44,89,68,15,3,32,2,48,50,7,97,64,70,1,73
618,38,21,96,26,12,97,62,21,4,6,99,62,11,67,93,72,10,8,23
619,25,72,15,34,71,86,23,40,28,85,18,32,3,75,54,48,81,76,65,34,50,4,78,46,23,67,90,24,70,30,69,20,79,30,19,66,19,61,68,62,19,53,36,68
620,77,75,86,36,19,57,82,33,40,6,95,46,67,14,25,6,93,87,77,28,27,72,15,29,39,67,51,2,20,43,11,33,43
621,67,89,18,91,38,75,25,61,97,67,86,65,83,80,95,3,71,77,54,21,43,81,83,0,42,98,22,99,28,51,21,88,23,75
622,67,10,74,82,46,42,51,18,31,37,43,15,21,70,26,28,49,12,83,51,56,43
623,16,59,9,23,75,88,38,87,63,97,42,21,1,50,0,18,95,87,36,95,80,36,83,42,44,30,47,88,94,47,70,81,54,65,12,48,98,83,29,69,72,25,81,20,89,11,46
624,6,67,64,48,68,0,69,74,23,54,64,14,80,27,68,87,83,99,89,59,40,73,71,28,74,19,64,87,78,81,57,39,14,21,17,46
625,78,16,34,93,34,62,67,48,94,0
626,76,91,2,17,90,71,88,77,12,79,55,66,60,79,19,5,5,94,62,66,85,65,32
627,29,71,15,2,12,80,78,16,16,55,5,27,96
628,5,76,91,68,2,66,99,97,66,78,32,95,8,66,71,17,70,4,56,31,65,19,11,60,59,92,24,12,76,31,98,37,56,8,59,28,56,29,39,64
629,90,21,38,0,20,27,23,17,23,37,75,1,90,53,22,22,29,55,74,13,27,61,41,99,10,22,17,58,45,79,39,25,56,56,64,67,91,17
630,65,85,60,15,18,44,2,99,83,34,14,17,24,70,55,53,58,90,91,1,21,85,41,58,33,10,48,49,72,47,97,51,86,19,46,74,86,71
631,50,31,68,41,77,91,93,46,36,39,87,96,46,46,25,76,98,85,49,34,97,89,21,79,5,57,0,35,46,15,65,37,72,36,31,35,2,72,66,28,62,0,74
632,77,92,65,29,54,41,32,85,27,88,43,6,69,69,10,30,38,74,69
633,0,52,58,40,75,76,22,10,4,45,62,7,42,49,2,26,43,62,73,70,5,3,43,96,78,3,70,4,21,51,95,60,34,79,78,5,10,79,22,69
634,92,85,30,25,43,22,0,96,83,29,28,46,6,59,56,60,33,11,44,61,29,87,76,67,63,87,74,70,57,33,19,82,7,36,65,78,87,51,95,42,76
635,68,13,15,21,38,16,93,7,35,60,94,17,8,78,90,24,90,18,29,95,82,13,29,98,64,53,4,4,55,48,70,72,53,19,48,36,90,41,26,71,32,75,8
636,70,32,67,78,33,39,88,12,12,21,26
637,8,41,61,97,96,6,35,44,28,1,74,52,45,88,45,42,48,2,24,28,7,96,79,80,25,50,58,76,7,60,43,18,13,76,9,30,10,61,85,30,28
638,9,26,93,84,25,94,95,29,53,45,19,50,40,87,59,61,3,0,98,82,15,68,18,33,97,63
639,48,96,59,70,48,97,68,51,97,10,36,60,68,85,4,26,91,88,99,61,89,27,54,8,95,54,20,0,91,89,5,30,63,38,39,38,78,45,88,15,20,52,27,27,87,2,65,49,3,3
640,51,30,57,12,47,96,16,6,74,63,53,67,11,47,81,73,47,27,98,17
641,40,47,45,53,34,1,16,46,24,7,9
642,68,6,29,26,17,58,66,65,13,52,68,18,8,96,74,53,47,12,43,61,89,92,59,62,21,10,6,95,8,90,95,69,98,18,97,5,88,79,23,76,94,51,2,1,36,56,74,37,37,7
643,32,8,47,52,49,19,1,13,74,47,63,61,1,94,41,84,55,24,47,62,8,84,50,20,26,86,12,92,39,95
644,50,24,17,90,21,78,90,73,67,80,8,42,28,9,27,34,38,66,10,3,42,40,44,57,3,31,83,72,41,54,44,55,80,34,31,31,6,6,76,3,19,2,23,64,48,33,84
645,84,9,80,62,52,69,21,36,13,73,49,24,89,2,59,84,26,99,90,97,30,21,14,83,49,22,49,64,73,36,47,37
646,4,38,84,72,91,9,26,48,5,56
647,23,97,33,74,70,13,38,56,71,54,12,73,37,94,85,58,22,86,2,83,24,27,3,1,57,45,67,0,47,30,94,77,8,68,35,29,55,6,4,33
648,42,63,80,55,32,91,79,79,36,30,0,15,82,83,46,36,19,2,66
649,3,82,79,39,30,27,68,37,56,92,34,54,36,5,30,28,18,80,5,86,49,15,63
650,69,42,98,85,46,56,52,24,2,17,88,66,8,18,8,76
651,69,9,5,89,19,77,30,43,15,63,53,75,33,13,23,52,65,49,7
652,35,17,20,89,89,22,82,77,12,17,21,43,71,66,27,56,40,81,35,58,61,6,89,31,16,34,39,35,96,52,95,42,28,38,87,98,74,80,2,30
653,31,22,64,83,28,38,66,38,32,94,45,57,28,81,15,44,58,87,82,46,50,53,62,44,27,55,68,90,34,48
654,72,98,97,46,68,35,20,98,64,8,35,15,92,99,94,99,57,56,74,97,67,67,88,83,89,96,90,90,96,37,25,99,51,29,33,23,2,63,77,53,29,7,94,23,93,82
655,14,94,65,68,96,80,91,65,5,32,5,30,14,89,35,61,49,9,41,26,41,58,8,23,3,87,11,44,7,76,26,94,65,29,86,65,91,44,31,44,83,37,97,10,55,91
656,27,89,13,86,12,54,51,43,32,47,0,60,67,34,46,89,41,7,36,64,77,18,15,26,68,46,39,77,94,61,2,98,28
657,85,84,39,85,26,11,56,1,13,28,85,36,78,42,9,45,85,66,56,22,98,68,34,61,4,69,95,0,29,62
658,34,43,39,80,86,18,17,80,94,11,85,25,5,41,45,73,26,22,66,87,37,32,90,18,1,55,69
659,40,36,30,37,38,72,62,25,0,96,11,96,78,24,68,31
660,85,7,26,19,0,82,13,76,82,90,87,85,51,76,0,92,64,58,46,4,0,78,40,93,78,39,32,64,33,69,27,92,97,19,52,67
661,79,86,20,11,50,54,94,94,32,64,10,80,18
662,32,27,27,76,36,91,56,23,77,69,88,86,50,55,25,18,63,3,20,50
663,48,30,27,20,94,11,69,57,48,63,84,29,85,68,61,73,28,27,6,12,94,12,58,55,51,5,85,86,4,28,45,14,40,52,53,49,4,45,91,17,65,84,84,8,54
664,47,80,36,35,65,33,95,95,53,71,33,56,65,41,22,2,43,22,19,62,57,20,13,40,28,26
665,74,64,4,38,26,75,5,24,20,15,14,8,67,62,38,74,37,61,36,53,43,61,85,74,36,66,59,19,74,93,45,76,51,98,94,13,86,47,24,98
666,73,12,0,68,9,60,50,40,94,10,84,75,45,45,96,16,33,54,55,37,3
667,42,57,71,81,70,71,29,89,93,6,6,58,32,68,42,21,28,62,15,75,73,98,45,24,1
668,2,2,24,3,88,0,89,71,14,86,55,76
669,16,10,67,0,9,81,33,69,57,8,74,69,80,94,11,8,28,46,19,17,87,80,96,94,93,20,78,20,8,34,22,8,81,4,9,28,68,37,60,87,20,91,40,16,53,45,75,42,35
670,93,25,88,94,50,64,87,3,21,29,92,52,58,45,60,80,32,85,21,25
671,58,90,36,8,20,5,64,18,31,75,78,39,19,22,29,35,55,46,75,0,28,93,85,69,11,17,93,37,5,4,33,48,36,28,3,31
672,81,48,88,48,58,66,4,26,52,35,40,93,83,59,7,98,92,70,14,67,24
673,3,65,18,25,36,44,80,21,60,49,60,41,80,63,2,68,96,91,3,90,41,99,56,27,51,11,17,33,12,4,21,15,54
674,66,65,43,74,71,65,71,90,91,31,12,86,26,2,43,46,66,0,46,66,62,48,30,70,23,3,26,57,20,24,3,91,29,5,99,22,54,36,77,81,57,90
675,64,21,99,30,31,34,3,94,5,50,58,43,68,62,63
676,64,42,47,45,50,27,12,49,81,87,57,97,47,91,90,27,21,65,12,16,57,62,44,74,32,18,47,75,9,59,35,73,49,45,7,48,1,11,96,40,49,27
677,31,55,52,38,50,33,73,16,45,52,63,43,94,43,51,22,8,24,18,22,97,58,94,8,52,7,90,64,82,92,3,6,83,67,85
678,37,57,81,0,34,74,76,24,90,6,98,4,89,50,18,55
679,84,26,3,94,16,95,43,81,33,41,2,98,92,85,70,42,7,49,47,46,25,70,51,54,62,53,19,2,31,83,68,1,24,79,87,93,82,74,34,18,40,39,41,91
680,13,34,34,57,89,10,13,62,84,80,73,33,58,3,92,98,67,27,59,81,94,77,85,99,21,65,60,89,71,2,82,11,9
681,49,58,85,23,59,56,27,50,96,85,47,30,10,28,83,73,63,59,36,0,3,40,33,25,57,24,11
682,43,26,48,55,83,42,60,73,49,16,83,51,79,17,22,75,4,16,10,86,72,94,3,36,86,8,81,24,91,18,33,84,31,29,54,57,55,57,16,77,42,6,15
683,34,77,14,23,70,28,1,50,1,78,41,26,70,24,6,10,31,77,59,96,41,90,4,92
684,71,88,93,42,45,91,42,4,21,58,84,61,34,63,45,91,67,24,13,43,92,67,65,37,87,20
685,62,98,86,4,40,9,44,41,30,10,48,28,86,58,88,54,68,50,30,87,74,90,46
686,74,55,29,16,1,71,79,64,12,16,59,69,61,61,5,28,33,77,62,8,28,62,19,63,19,21,66,0,73,77,89,16,54,18,39,15,10,21,38,99,65,74,43,59,48,85
687,18,75,5,28,42,30,47,66,46,79,23,20,88,66,14,35,27,83,13,55,93,89,49,64,25,0,84,92,50,22,60,73,83,64,19,55,46,64,88,83,76,47,76,39,70
688,44,15,48,54,35,1,36,62,12,17,34,66,84,71,29,63,90,85,9,13,27,90,0,49,13,97,31,79,55,4,88,9,43,96,83,22
689,86,14,41,60,24,0,46,0,30,66,3,23,81,77,93,36,22,60,58,98,28
690,59,61,15,76,99,12,72,78,95,87,90,56,2,95,11,2,32,24
691,67,2,60,65,53,76,15,74,86,3,75,24,39,20,9,35,28,27,29,10,23,89,84,68,22
692,16,1,57,48,58,7,1,91,19,62,56,67,40,15,69,24,93
693,7,33,68,16,54,47,80,29,74,21,89,24,56,72,23,94,19,71,4,9,4,67,54,58,31,40,90,8,83,4,38,34,16,18,90,63
694,0,24,83,98,2,65,51,6,86,4
695,35,15,30,91,48,6,80,50,41,17,86,82,6,25,76,97,61,8,95,20,11,26,61,55,15,72,26,33,12,90,72,89,6,15,2,60,65,60,41,43,82,14,23,96,48
696,26,89,98,97,2,62,90,21,39,69,90,95,98,17,70,83,57,15,27,12,54,12,11,85,37,35,11,69,43,15,95,17,72,30,20,39,15,58,64,76,38,73,94
697,49,16,56,42,37,76,63,88,50,28,30,8,52,35,36,92,95,79,84,88,18,92,98,62
698,35,13,80,58,75,3,30,68,1,33,59,7,24,1
699,87,63,34,10,91,0,79,47,62,3,23,20,57,32,53,64,39,6,68,1,92,99
700,50,51,93,7,58,63,55,53,18,65,22,70,7,0,92,51,0,94,47,28,59,83,96,48,55
701,58,3,15,83,57,19,30,78,43,80,83,21,33,40,29,28,65,44,2,17,85,97,53,72,72,7,78,46,69,0,83,13,60,80,82,87,77,64,72,84,56,50,73,25,26
702,30,51,19,86,25,49,69,11,53,36,74,56
703,29,47,68,58,92,15,69,9,56,59,24,3,38,3,35,49,24,19,89,53,51,81,90,42,24,10,56,24,25,56,66,3,60,50,16,6,46,92,20,73,74,79,76,40,63,81,32,31
704,82,35,78,55,90,74,66,19,58,61,67,0,11,39,73,59,62,41,30,22,6,10,14,37,21,30,58,48,69,29,31,31,84,88,58,89,10,67,29,24,63,77,13,64,6,85,27
705,60,30,98,89,14,95,39,2,69,93,93,65,60,34,24,84,53,90,72,55,7,29,46,25,32,61,22,74,85,78,89,58,62,91,27,63,24,27,22,55,55,78
706,38,54,51,87,71,22,20,8,49,26,84,15,16,48,16,70,46,2,56,99,82,33,5,8,87,7,94,85,94,84,84,82,38,34,84,68,96,85
707,79,76,77,96,86,51,89,98,70,7,30,40,8,57,2,96,21,2,31,52,29,14,66,96,89,6,32,0,27
708,83,29,51,24,48,1,16,93,42,48,69,83,20,6,18,85,67,27,42,80,49,45,10,31,14,81,18,45,49,41,64
709,5,62,70,60,31,86,12,83,79,29,39,83,6,58,43,57,41,82,88,92,53,68,15,50,8,3,27,80,53,5,98,25,13,53,4,78,52,29,0,87,72,94,45,38,72,80
710,46,25,89,6,35,78,19,66,9,17,23,94,47,75,58,98,39
711,30,64,67,82,68,26,82,28,2,10,6,39,0,72,66,57,9,4,5,37,72,85,78,91,12,50,5,60,50,24,47,95,54,57,86
712,49,79,1,53,69,98,48,14,30,20,35,67,54,15,17,45,69,37,43,67,75,63,55,79,22
713,69,33,8,78,1,75,50,23,11,38,28,93,83,46,86,24,99,77,58,14,40,70,72,34,78,94,63,30,5,25,14,26,89,17,76,92,41,3,28,77,36,31,46,60,40,43,83,28,12,33
714,9,50,46,66,19,54,98,0,93,50,61,98,17,72,65,55,53,49,99,44,47,80,80,80,90,47,80
715,20,33,70,77,44,14,22,11,49,52,5,23,38,99,44,86,26,24,84,4,48,22,98,12,35,51,1,25,27,23,29,0
716,71,99,35,76,57,61,3,76,46,29,0,53,68,13,98,5,47,33,68,45,80,36,28,78,90,74,93,84,61,75,11,67,40,6,86,0,86,69,58,64,93,16,25,5
717,97,70,37,48,10,54,21,78,2,70,68,7,71,65,92,45,6,20,2,38,86,85,8,2,2,56,53,58,73,60,58,76,35,94,12,83,62,23,7,5,56
718,8,12,4,85,35,18,37,44,44,63,70,16,57,77,69,44,74,72,27,81,96,20,20
719,64,4,8,46,67,65,85,65,87,52,57,43,9,45,61,41,67,1,28,43,98,63,73,16,44,35,44,71,23,95,7,61,2,12,46,3,6,1,54,29,61,99,79,73,87,18,41,51
720,23,51,79,27,19,75,35,19,19,14,34,92,82,85,92,50,25,11,15,6,54,22,23,82,45,28
721,48,40,6,92,91,29,27,24,56,74,55,36,83,41,95,47,42,53,78,67,67,37,71,77,89,4,94,93,90,95,69,80,0,84,59,23,13,76,32,33,30,43
722,36,31,95,26,21,14,99,97,22,51,31,82,82,59,2,17,20,68,63,14,76,36,57,93,96,91,22,33,2,92,43,86,68,49,7,99,68,2,17,74,53,0,15,24,1,70,49,40,69,29
723,84,80,22,37,39,34,33,85,40,28,78,62,82,46,83,99,9,29,48,91,7,72,71,93,48,18,32,33,62,34,45,54,89,83,32,86,6,3,98,7
724,2,61,20,16,91,13,73,50,31,91,92,13,27,39,42,52,74,76,41,28,44,52,60,98,65,46,16,41,97,7,66,77,44,80,84,63,83,61,8,37,87,8,17,74,94,6,68,63,88,71
725,29,6,25,61,40,59,98,92,65,81,16,17,63,11,63,79,20,38,34,65,34,8,54,61,26,81,14,77,9,61,52,76,54,58,58,10
726,25,62,30,2,43,52,73,90,70,46,60,82,59,43,66,61,59
727,62,64,71,96,28,99,64,79,70,23,19,53,5,34,33,54,46,75,87,21,60,58,46,66,16,22,32,77,45,94,79,5,22,49,10,8,45,19,69,32,73,87,45,7,52,32,37,88
728,44,65,13,68,24,2,18,83,43,99,47,40,5,96,75,29,80,84,5,16,22,69,31,96,74,27,15,85,69,89,6,6,62,25,41,19,94,27,82,8,34,90,19,25,34,63,14,40,82,51
729,89,8,7,77,81,26,55,75,82,27,28,47,18,17
730,9,39,17,60,2,60,82,19,83,43,9,63,6,7,26,61,42,65
731,76,29,38,84,63,45,39,1,50,95,73,4,79,88,51,97,77,7,35,8,92,20,7,6,20,47,70,45,27,53,98,89,27,64,39,86,40,66,94,22,76
732,32,27,4,59,95,86,7,68,24,7,79,22,63,85,11,54,44,35,25,65,18,81,80,45,41,44
733,90,60,72,37,94,58,32,16,11,60,21,21,89,12,0,53,85,84,86,72,34,82,11,11,8,76,75,60,48,0,85,49,96
734,5,98,4,1,56,17,53,60,40,87,11,95,39,38,24,55,90,82,47,19
735,21,84,68,64,66,37,12,38,9,2,35,71,18,77,46,37,36,0,77,24,10,81,84,91,22,5,39,95,69,70,96,42,55,54,10,84,91,36,12,2,22
736,94,29,45,78,36,71,58,54,74,34,30,27,12,20,81,90,52,54,57,2,61,90,28,82,63,68,58,74,85,2,36,81,42,87,32,46,48,10,97,65,95,20,50
737,91,83,74,11,10,83,79,63,57,48,58,7,1,78,7,62,30,41,19,26,28,64,46,53,6,4,30,39,36,23,50,44,68,32,43,58,81,27,83,9,93,80,79,47,70,64,59,85
738,52,62,83,57,82,28,72,94,56,45,68,29,48,42,99,80,42,35,33,58,92,95,17,25,43,37,76,61,40,10,89,63,6,3,70
739,88,81,50,7,4,86,30,75,33,83,79,15,82,73,77,95,43,98,42,9,97,34,19,2,68,30,44,70,8,32,96,81,34,9,99,97,56,60,23,88,40,37,22,52,15,6,22
740,65,41,48,80,29,19,32,73,38,25,69,15,2,70,85,28,24,5,27,14,81,9,8,6,87,70,90,80,90,71,40,18,84,78,60,62,96,72,46,50,44,3,53
741,7,30,68,18,78,0,63,36,86,16,57,96,12,61,14,43,10,6,42
742,18,49,45,33,33,25,54,6,92,3,55,5,31,26,31,67,44,47,94,39,32,52,74,38,6,47,59,44,8,32,70,49,13,49,43,15
743,50,53,47,80,37,7,7,47,11,8,32,18,57,12,29,23,94,26,92,60,34,39,44,27,65,18,5,83,98,54,64,11,55,20,55,43,46
744,29,59,33,52,27,96,6,90,44,70,39
745,99,8,22,20,22,20,13,30,85,22,49,19,38,64,20,74
746,68,1,86,57,70,11,42,42,6,11,63
747,98,77,15,77,33,22,82,68,10,7,48,35,12,17,81,67,59,80,37,33,97,82,57,69,1
748,52,43,16,19,95,79,14,77,27,24,82,82,19,83,50,37
749,98,35,10,72,47,49,53,51,35,61,58,10,90,99,0,88,56,70,15,86,55,82,31,22,39,41,38,13,34,15,62,74,90,41,97,81,84,98,9,94
750,84,29,29,11,4,5,59,28,88,94,85,80,48,87,1,98,65,43,11,47,30,57,25,83,41,57,59,80,53,38,38,58,65,25,99,61,22,60,85,56,19,53,83,0,13,21
751,81,62,13,62,63,83,16,74,69,58,11,94,95,54,10,77,71,66,77,43,44,62,31,26,50,89,42,44,65,36,32,64,24,92,47,44,77,81,69,68,13,6,18,70,47,98,30,73,86,82
752,6,47,71,67,97,84,55,56,13,99,54,82,2,12,74,73,31,43,28,57,14,93,56,14,68,33,73,42,43,31,21,34,38,47,70,5,75,0,57,48,64,64,54,38,65,43
753,16,95,10,9,44,57,3,92,28,31,40,50,22,7,38,75,88,49,36,30,55,64,64,36,5,83,41,94,47,27,47,31,83,2
754,88,50,1,2,70,28,55,30,70,14,65,48,80,41,42,57,9,90,20,87,26,12,34,45,86,86,89,67,29,30,10,14
755,91,82,2,93,32,48,60,16,22,52,51,80,4,70,59,75,66,78,69,24,55,3,50,87,44,3,87,32,50,34,30,38,3,15,59,51,70,67,74,20,86,21,45,31,86
756,97,89,50,40,39,7,53,96,17,76,51,64,87,44,23,78,0,1,50,21,78,23,10,71,43,92,49
757,57,53,14,43,9,26,72,16,51,29,63,1,26,66,8,30,40,61,99,35,69
758,20,48,89,93,19,1,16,45,41,73,51,82,40,18,52,3,87,23,75
759,36,84,28,93,91,23,28,44,12,48,53,28,68,36,30,37
760,71,16,10,28,36,87,54,45,58,49,0,78,40
761,66,53,47,72,24,92,80,61,31,94,93,75
762,92,92,56,15,5,7,61,56,32,28,29,49,53,53,34,88,75,17,76,85,25,85,37,67
763,33,66,71,80,15,68,85,38,26,51,83,46,72,8,38,71,30,89,24,6,6,44,88,56,48,85,87,52,54,0,92,59,77,15,52,82,8,8,32,67,16,67,65,13,99,52
764,70,90,28,85,10,50,31,59,78,90,81,90,59,7,53,84,90,38,32,46,85,70,58,8,39,43,17,53,17,11,19,56,93,76,49,77,21,31,62,41,17,51,0,9,37,23,48,41
765,54,89,10,8,13,59,18,91,30,39,44,42,0,26,53,88,3,36,88,57,27,82,48,57,18
766,95,18,74,68,83,37,22,91,90,4,59,67,46
767,75,75,68,5,90,52,44,11,97,89,75,25,46,18,61,82,60,29,62,95,12,98,97,49,53,24,95
768,30,41,79,70,28,64,14,37,62,86,98,14,68,52,20,82,38,71,63,16,70,62,61,80,10,25,28,3,5,66,65,76,65,42,1,29,46,50,38,19,10
769,19,0,64,5,84,90,9,53,75,71,77,2,11,52,67,66,15,91,56,56,9,49,5,2,45,52,81,57,4,70,57,18,58,7,63,21,76,57,42,80,96,27,8,37,94
770,19,85,95,17,99,62,37,26,85,80,59,18,60,69,81,34,8,55,0,5,19,51,22,46,13,55,88,95,54,99,21,45,59,61,60,13
771,25,71,23,49,37,26,74,9,50,55,92,61,95,4,60,98,79,84,1,67,83,7,1,54,33,84,31,26,55,4,83,24,91,89,21,81,29,59,30,78,89,11,83,3,64,74,26,78
772,88,71,39,11,38,35,69,34,87,81,40,43,6,79,50
773,1,48,94,35,81,48,48,9,30,48,62,24,88,0,43,53,8,3,49,36,68,99,23,69,90,10,49,85,32,8,85,32,9,71,94,52,5,25,94,90,26
774,59,96,39,2,31,23,94,41,70,10,78,3,55,72,97,38,54,44,62,24,22,83,99,82,8,68,86,49,38,4,45,5,36,63,21,20,64
775,4,98,73,12,60,68,7,75,52,86,62
776,77,45,20,38,73,73,73,6,57,8,86,79,25,58,68,6,90,26,15,34,68,6,14,3,1,30,1,44,31
777,77,15,81,17,42,74,1,25,35,99,73,22,75,3,64,36,24,57,86,64,32,59,60,19,85,99,97,29,82,24,98,87,84,63,93,38
778,9,18,74,93,78,11,87,61,21,16,28,30,95,83,6,51,6,51,47,99,99,45,73,57,92,93,77,98,72,98,89,4,41,39,99,19,5,38,87,27,68,87,73,25,69,44,23,23
779,24,6,54,52,97,89,64,79,88,38,23,8,79,82,29,76,90,40,78,46,23,94,79,51,64,75,57,7
780,93,81,74,81,35,25,46,96,75,61,49,39,15,71,65,88
781,1,36,70,65,80,61,45,27,95,17,78,15,98,44,64,46,13,0,25,22,77,41,83,2,5,30,90,39
782,91,87,14,18,8,47,48,91,31,17,28,40,43,19,68,33,37,56,24,31,15,20,76,72,92,73,33,16,26,81,46,46,44,21,85,66,60,1,30,15,88,11,79,66,50,30,15,1
783,19,13,46,9,70,88,93,7,75,13,65
784,0,65,20,42,32,90,86,17,31,85,75,92,18,82,16,86,94,31
785,10,0,82,80,57,7,23,88,48,96,95,94
786,48,72,74,9,88,84,9,89,59,36,39,10,86,31,3,44,61,5,97,50,71,19,55,63,78,36,70
787,69,85,73,86,47,9,54,14,93,37,69,74,48,8,27,46,52,27,11,35,62,72,65
788,17,56,92,39,9,51,14,26,53,56,35,78,6,34,22,53,37,63,48,94,34,96,19,22,8,86,60,43,17,4,66,69,14,33,6,50,83,1
789,32,5,68,44,14,82,59,90,70,79,24,63,15,61,16,52,92,1,64,38,68,18,50,53,28,77,26,59,34,4,61,0,83,89,69
790,30,97,79,12,80,29,26,2,56,17,57,41,81,20,1,8,22,76,81,53,66,71,95,97,29,68,16,27,31,20,11,50,84,60,62,90,72,3,34,21,26,94,91,75,56
791,73,83,42,85,85,74,76,79,99,9,94
792,65,60,63,98,69,3,97,36,1,92,26,82,92,59,91,84,60,64,98,34,63,67,18,88,27,92,78,6,92,71,85,94,68,71,12,40,49,66,58,59,83,56,93,50
793,17,97,11,90,14,83,69,89,64,96,21,55,12,16,87,20,34,54,11,10,5,34,98,13,93,70,71,80,56,54,70,82,95,94,44,25,8,46,34,53,14,19,8
794,37,45,67,4,92,25,71,18,5,0,55,87,75,69,34,97,11,84,42,6,41,16,81,72,15,68,64,45,32,71,89,13,23,26,97,33,11,38,66
795,79,51,31,81,83,23,62,2,5,48,87,48,14,46,99
796,98,33,16,63,87,0,93,17,50,74,50,89
797,14,56,46,35,50,39,68,26,8,2,6,43,58,53,15,20,92,42,99,53,17,74,52,83,38,82,86,71,70,53,69,47,92,41,5,62,14,71,37,59,5,57,21
798,38,63,57,89,31,30,79,60,39,8,56,68,54,69,72
799,26,83,53,43,88,98,75,59,55,6,78,64,32,33,23,28,83,42,28,38,1,32,92,92,51,1,23,49,51
800,44,52,42,36,25,1,22,45,71,34,17,5,0,3,59,53,5,83,10,65,17,26,12,74,93,0,51,39,33,55,4,17,13,65,93,59,20
801,22,59,54,84,47,51,46,25,29,60,11,38
802,41,81,95,59,37,70,8,49,54,38,82,43,14,80,15,0,52,32,87,44,97,31,52,14,1,34,78,30,44,19
803,56,25,82,95,34,78,20,76,89,35,14,86,51,50,76,82,22,88,16,43,65,41,54,14,89,70,63,82
804,88,32,85,0,70,41,43,81,91,70,29,21,98,24,71,1,55,13,46,88,99,15,68,0,65,52,90,1,79,4,48,18,56,11,70,73,31,90,47,16,58,60,50,62,66,62,24,67,66
805,32,58,24,19,59,85,23,33,45,86,92,15,18
806,31,70,10,36,89,80,70,36,5,59,83,23,60,66,46,43,76,80,79,59,36,74,92
807,57,91,46,64,99,26,94,58,23,45,5,25,68,61,82,23,82,87,25,62,7,62,5,4,67,78,91,52,26,73,67,77,73,92,73,66,63,71,92,55,99,58,55,43,55
808,57,23,35,31,3,16,48,52,73,73,45,77,45,97,59,20,7,88,37,88,42,32,50,8,94,91,95,80,49,67,86,0,96,3,98,63,37,5,18,13,9
809,36,9,84,69,54,55,70,82,3,74,62,12,12,2,46,70,55,16,22,77,78,91
810,51,85,51,59,48,30,45,86,21,13,11,12,33,60,98,82,37,89,82,68,40,22,65,34,28,91,24,6,41,71,71,13,15,94,72,10,86,79,76,68,18,21,58,49,77,28,17
811,23,54,1,85,9,56,81,43,50,83,12,66,86,16,98,31,55,16,70,89,39,38,82,7,73,67,83,12,44,27,28,23,23,9,42,63,18,21
812,48,46,79,91,57,16,85,78,65,0,2,12,24,14,94,39,75,24,38,21,52,31,36,30,69,49,88,85,8,16,86,84,36,86,15,17,91
813,11,16,67,81,50,42,4,84,16,54,95,53,72,1,93,78,64,53,96,65,98
814,15,79,6,18,6,69,56,23,56,63,62,8,88,90,75,45,96,32,55,1,8,31,39,77,20,28,62,43
815,40,82,0,57,26,54,18,3,63,24,44,57,90,41,58,62,87
816,24,44,75,92,27,94,62,57,40,92,86,31,82
817,64,18,31,81,74,89,66,87,92,48,72,53,19
818,42,91,32,80,23,16,69,11,7,73,51,37,59,29,32,27,16,48,87,57
819,91,71,79,84,77,69,84,32,8,66,97,79,68,53,95,59,49,74,63,50,16,84,39,45,91,85,89,26,90,92,71,51,59,68,38
820,83,92,76,59,63,91,38,75,73,46,88,67,66,53,64,57,93,23,90,47,31,90,41,92,47,63,92,33,22,50,68,93,59,31,81,58,48,1,3,84,25,60,58,48,55
821,36,58,6,11,20,91,28,47,53,90,32,60,84,26,35,61,57,93,2
822,25,16,69,89,41,92,9,66,49,1,69,19,16,10,32,8,60,68,42,87,70,8,64,76,27,12,26,60,82,54,72,98,41,46,98,11,24,33
823,64,5,70,34,26,34,53,98,70,98,31,29,83,14,34,70,49,93,54
824,32,74,16,92,18,78,79,69,54,51,28
825,62,6,20,88,12,34,79,10,9,70,55,2,38,57,0,29,25,58,81,95,9,42,59,95,97,82,95,48,75,50,78,25,56,36,23,15,24,71,19,62
826,84,77,80,86,86,69,94,99,70,43,41,6,30,98,77,68,19,51,43,29,42,9,84,75,39,45,5,15,22,3,99,91,92,75,0,13,22,71,29,23,57,68,1,12,77,87,58,1,7,82
827,6,39,90,43,21,99,68,92,53,82,49
828,46,38,64,52,63,28,68,25,49,83,70,36,6,87,65,2,70,44,24,29,43,24,32,54,48,13,68,36,70,16,15,11,18,18,74,94,13,5,37,47,73,48
829,45,77,33,39,88,58,32,98,77,55,73,73,17,59,91,92,79,25,15,67,10,3
830,65,85,3,28,79,44,19,84,3,64,49,67,10,42,73,77,12,16,72,75,96,0,46,90,80,31,94,28,51,74,53,80,13,22,65,38,24,97,24
831,57,33,34,72,51,74,76,57,28,63,7,70,73,22,69,30,33,47,95,91,37,67,28,90,75,92,6,7,97,81,23,6,98,53,79,21,16,20,89,70,1,5
832,37,95,4,8,3,86,35,14,15,22,97,29,54,95,39,15,14,66,71,72,71,61,55,93,37,94,94,82,15,24,74,66,81,95,62,56
833,68,36,83,16,10,79,34,60,59,67,3,55,75,86,19,23,50,15,23,85,61,46,37,35,7,58,61,33,78,99,91,49,70,97,64,3,21,7,9,40
834,1,11,87,95,7,80,43,85,38,43,76,33,17,36,16,49,94,67,6,10,73,35,41,4
835,55,79,11,99,25,43,53,71,23,34,56,30,99,21,51,18,14,31,73,67,38,69,3,45,6,43,68,50,99,35
836,99,92,70,59,55,94,47,86,88,74,67,69,66,13,31,12,90,47,5,95,40
837,34,80,59,91,85,40,59,3,1,6,13,49,81,11,1,64,57,85,9,85,34,57,57
838,83,27,83,24,7,74,11,24,18,97,21,25,83,94,76,48
839,37,11,84,54,90,23,0,50,76,56,84,36,17,69,39,83,92,91,2,28,97,62,79,11,69,38,5,74,34,88,88,13,49,69,89,1,23,58,49,36,58,32,87,41,90,15,91,33,20,77
840,53,34,79,62,20,32,42,51,57,40,61
841,79,22,28,93,17,83,54,90,48,28,85,93,32,58,47,25,79,62,53,15,89,39,58,72,77,79,5,50,69,83,85,77,73,79,47,52,59,75,11,5,83,44,60
842,22,58,72,85,51,46,87,63,65,61,61,85,46,54,68,75,78,93,9,42,77,48,6,46,14,21,81,41,3,10,7,40,78,18,3,16,3,77,40,95,17,64,26,89,79,23,58,54,63,72
843,51,69,89,2,82,55,66,75,58,66,40,41,13,21,6,28,72
844,3,91,5,88,80,94,92,68,68,99,86,24,78,64,81,27,99,29,37,33,42,30,81,10,17,79,25,90,66,51,19,11,66,56,42,51,25,81,31,13,69,48,44,75,69,83,86,98
845,45,47,57,57,86,28,5,94,55,66
846,94,12,8,16,4,96,85,57,27,15,12,78,88,68,24,45,30,54,95,73,9,6,11,54,70,38,41,65,21,88,58,96,17,86,47,87,25,82,20,62
847,24,89,55,0,87,37,0,93,69,57,22,60,38,30,17,71,68,35,36,70
848,93,61,65,2,20,98,16,50,95,19,25,35,65,28,82,89,92,48,86,80,55
849,8,75,95,50,79,22,18,25,44,41,9,57,88,44,20,28,97,37,24,0,70,73,52,93,48,99,77,12,1,98
850,63,20,4,95,27,45,77,22,23,15,74,80,71,4,60,37,69,57,41,57,36,99,74,2,23,22,80,31,61,58,84,31,38,56,77
851,71,87,12,51,72,12,56,70,7,23,74,45,73,63,56,66,92
852,97,64,40,91,44,99,30,5,18,5,83,93,3,24,20,59,25,82,3,98,76,29,18,26
853,39,3,72,90,41,95,65,4,60,85,71,28,9,16,37,16,88,77
854,77,40,83,14,66,54,27,65,72,47,60,29,94,47,25,67,13,36,14,81,77,60,98,43,58,96,2,48,77,87,0,88,15,95
855,12,4,54,70,34,62,24,16,52,49,77,46,92,79,99,28,34,13,59,32,2,0,21,73,32,22,85,60,66,62,84,12,93,11,24,79,97,9,37,74,75,6,62,46,96,75,48,14,88
856,5,41,28,46,96,92,47,71,20,53,76,49
857,75,77,95,27,90,24,42,10,44,90,44,0,61,42,58,57,4,19,21,30,50,14,78,12,28,19,0,51,3,83,92,11,12,52,35,48,11,21,68,95,23,0,20,97,55
858,55,22,65,23,1,90,0,64,86,66,45,33,97,67,86,35,87,60,6,6,48,21,66,40,87,63,86,19,86,40,92,38
859,20,17,12,20,50,57,72,38,33,26,93,93,10,98,82,75,45,94,47,66,28,67,96,99,91,42,94,90,45,48,15,83,31,1
860,86,17,75,45,16,66,91,83,5,58,87,34,75,7,51,50,33,95,26,85,61,54
861,52,92,16,80,39,18,39,53,72,63,90,4,52,70
862,25,91,29,69,81,27,39,57,58,21,72,72,7,60,88,94,31,18,75,29,22,45,44,79,52,99,2,3,2,95,7
863,96,77,5,21,97,64,51,65,54,50,33,18,66
864,56,0,72,97,4,96,51,98,28,96,58,28,80,71,51,49,23,40,47,72,49,33,33,29,28,35,44,18,78,45,39,38,45
865,63,23,39,38,71,29,67,29,9,33,41,39,25,95,63,24,83,6,32,17,82,39,45,57,0,25
866,50,6,1,92,89,60,41,92,34,66,74,28,44,86,79,49,37,55,52,10
867,63,17,51,66,56,93,11,69,1,16,34,75,3,49,16,43,16,91,90,40,37,82,91,27,23
868,36,35,48,49,80,0,0,51,18,30,60,60,88,63,19,41,14,34,14,71,29,16,2,37,99,92,78,12,64,10,24,86,73,95,66,33,21,37,65,82,61,71,20,87,90,97
869,4,58,90,28,38,0,53,63,74,61,50,18,69,75,78
870,67,37,39,36,80,26,40,39,23,99,44,41,86,40,93,33,67,3,59,39,62,52,78,75,12,28,6,94,84,85,19,72,49,84,6,37
871,54,12,85,18,49,33,48,26,43,11,68
872,81,89,88,4,29,95,77,70,14,65,64,50,45,56,51,3,34,65,75,41,13,10,60,12,47,50,47,18,77,81,96,82,75,20,99,28,39,91,70,87,61,46
873,81,16,23,10,55,2,42,57,39,52,25,87,58,17,27,92,58,4,33,98,13,63,57,93,17,63,99,85,24,99,9,98
874,28,65,5,71,53,31,67,16,6,70,35,55,19,93,65,59,84,31,50,48,51,6,0,47,36,58,62
875,9,90,37,48,63,93,79,49,47,18,17,32,63,89,7,62,96,30,52,81,75,49,3,5,12,73,5,58,51,85,58,43,42,37,32,39
876,57,12,63,0,13,7,64,75,29,12,59,97,68,39,11,23,44,94,89,13,41,97,84,46,52,5,4,73
877,78,37,84,22,29,50,40,71,33,55,47,43,26,69,54,6,12,45,43,47,46,4,28,86,22,22,43,70,50,9,17,62,30,69,86,23,25,10,38,20,99,50,70
878,24,86,19,28,61,11,0,32,64,50,63,92,30,86,73,72,58,14,3,59,34,67,58,1,38,95,31,5,37,24,16,88,38,68,75,46,44,94,60,40,91,51,3,96,55,79,76
879,37,79,19,87,28,52,80,92,13,5,99,8,15,53,6,83,65,64,99,16,72,6,9,67,36,87,72,84,75,6,5,95,61,79,93,61,2,59,29
880,24,88,18,3,61,74,67,96,33,39,43,71,20,58,87,24,50,2,74,14,37,46,71,72,45,20,48,97,91,89,8,47
881,76,95,80,79,87,63,34,53,99,75,42,38,70,28,28,74,60,40,41,92,83,2
882,47,69,69,59,83,68,9,20,37,53,24,1,21,98,86,14,6,89,87,4,81
883,90,14,96,72,55,21,90,38,31,61,75,77,68,68,97,11,48,93,15,82,95
884,11,13,41,68,11,89,58,83,29,44,24
885,7,44,91,70,1,94,33,73,30,1,1,78,43,96,38,95,4,25,65,21,65,60,67,47,13,14,89,99,85,97,75,3,39,70,24,40,91,0,68,21,92,98,19,39
886,11,74,98,37,24,17,43,76,54,84,16,55,30,0,50,63,75,37,10
887,56,57,68,15,47,24,60,0,2,12,18,92,92,65,57,89,24,9,13,82,67,89,43,42,68,71,77,50,57,48,55
888,0,72,28,25,88,34,15,22,10,90,95,55,92,29,37,13,5
889,5,4,28,16,31,13,55,77,9,58,96,12,43,66,79,39,2,36,61,69,73,27,82,26,82,57,91,84,22,16,59,36,25,26,12,55,93,9,97,64,93,15,71,75,81,56
890,62,25,22,77,9,80,79,30,55,12,86,79,37,63,95,22,35,64,77,27,86,72,69,8,82,61,61,82,43,14,4,18,71,29,6,46,18
891,93,54,3,47,90,99,41,69,57,46,50,66,11,2,3,50,46,29,11,37
892,62,27,30,2,98,56,66,32,72,65,59,78,65,88,65
893,88,94,76,59,99,99,96,6,92,32,53,24,60,17,53,16,51,43,85,33,49,55,41,40,43,45,8,13,25,99,5,15,96
894,3,25,73,71,0,92,42,17,49,78,41,38,82,45,7,0,26,82,10,58,56,2,32,35,41,35
895,8,99,48,3,1,59,22,47,46,80,98,99,0,91,8,56,28,26,19,96,17,49,64,55,49,77,42,38,17,54,91,12,34,11,64,99,41,63,86
896,28,27,41,40,47,47,75,21,13,63,2,70,46,80,72,78,98,11,52,6,81,74,66,95,19,9,95,83,40,29,94,39,80,29,19,72,77,85,19,12
897,0,19,16,36,29,5,49,31,42,20,75,38,90,23,98,81,1,53,96,13,59,34,77,67,62,14,47,66,80,63,5,38,89,4,86,17,64,56,70,13,50,42
898,13,61,55,2,93,44,99,8,73,49,21,79,9,70,77,94,95,93,4,79,46,50,82,29,3,79,9,18,60,80,26,42,5,56,69,69,98,73,79,71,70,12,24,14,30,45,39,60
899,67,9,68,46,55,85,24,14,96,39,29,60,22,28
900,74,19,74,12,26,56,86,64,50,52,18,6,74,12,6,34,82,79,22,74,90,65,38,8,52,48
901,51,64,78,41,58,0,70,42,46,55,65,80,75,69,65,68,3,76,78,13,23,20,89,29,87,66,78,99,52,63,26,67,68,53,67,43,42,64,88,80,53,42,72,98,65,33
902,25,45,85,55,79,95,90,69,63,13,45,48
903,84,82,59,86,84,71,65,91,96,40,18,92,56,83,13,62,25,40,48,50,28,41,71,14,55,19,86,31,57,36,86,53,65,38,59,70,19,70,56,29,43,31,15,67,30,82,81,21,3,69
904,22,27,24,10,25,10,83,72,26,67,15,52,21,6,82,97,47,8,82,88,10,83,2,68,29,29,22
905,72,40,76,53,46,60,89,60,76,33,59,45,79,27,2,75,83,84,10,62,14,97,6,53,96,73,7,97,73,67,80,27,73,11,98,81,13,17,17,10,51
906,26,59,12,73,9,5,73,13,38,65,95
907,23,88,40,44,73,93,36,94,56,29,10,29,42,41,8,24,84,14,17,44,88,19,57,92,3,68,73
908,47,12,61,35,9,68,83,93,16,29,69,68,26,69,5,73,4,27,63,67,6
909,40,17,97,64,79,10,77,18,69,31,91,97,69,48,88,93,99,95,17,5,53,14,77,3,24,91,21,84,13,67,27,85,51,89,38,11,82,2,39,9,47,74,81,80
910,20,51,27,82,70,42,76,91,40,19,0,74
911,88,15,98,56,86,75,62,5,18,36,61,91,49,84,61,1,14,34,9,95,28,34,18,95,2,55,72,38,54,42,46,84,61,90,71,3,52,45,89,56,85,98,64,83,42,48,9,6,44
912,17,41,49,70,37,77,14,50,43,32,51,27,62,9,48,65,84,29,65,89,24,82,76,58,0
913,47,19,58,14,94,15,55,6,54,0,81,73,76,88,53,73,61,94,61,94,54,30,4,53,33,97,11,60,6,92,9,15,16,38,23,87,4,37,30
914,53,3,80,26,51,2,65,31,42,23,26,60,30,39,95,58,79,60,71,45,83,87,86,72,37,30,34,68,35,34,3,96,12,30,92,48,87,24,36,69,28,18,15,33,36
915,75,72,57,6,66,86,19,0,8,39,78,22,18,30,29,13,22,6,44,95,59,0,60
916,9,74,96,32,91,96,84,15,5,50,13,15,5,58,75
917,14,32,78,78,75,68,65,96,22,91,53,6,36,42,79,90,81,39,93,43,74,90,63,6,87,58,7,67,0,2,14
918,49,51,22,42,40,38,44,12,27,74,3,25,58,64,19,35,80,69,5,85,75,42,36,74,1,46,45,50,11,44,40,1,52,27,94,82,63,9,68,56,34,52
919,49,15,12,77,63,61,94,26,57,40,41,23,70,46,95,61,69,82,27,18,37,52,26
920,47,95,84,16,90,75,18,21,99,90,10,95,11,32,31,33,43,64,74,65,51,87,41,5,59,66,44,58,54,24,3,45,92,84,52,56,51,21,14,1
921,51,45,15,35,22,32,58,75,87,29,41,17,32,65,47,95,25,70,38,5,93,9,17,88,18,60,48,42,28,45,58,14,89,5,96,34,43,33,57,85,49,63,7,43,72,21,27,19,12
922,38,45,46,29,32,77,97,97,85,0,14,67,31,71,78,71,3,41,2,90,33,14,66,7,15,46,27,85,19
923,16,30,76,84,56,48,11,42,89,73,34,33,60,7,14,17,89,58,79,64,36,66,60,65,34,14,58,37,10,91,89,1,7,13,82,99,90,88,33,28,66,55
924,81,76,87,45,21,78,66,24,82,68,67,4,90,1,35,47,18,28,10,86,26,23,96,84,97,1
925,32,37,28,24,73,55,70,78,25,77,37,40,10,8
926,11,97,40,51,34,50,98,50,50,98,31,26,34,8,56,97,2,38,11,55,15,31,47,81,91,58,87,6,60,14,85,8,96,13,6,72,44,52,24,96,46,65,43,98,32,40,13,85,48,4
927,91,77,1,23,78,64,55,26,93,76
928,10,92,24,30,97,85,88,80,14,57,0,94,18,33,69,35,56,58,35,69,98,77,96,0,21,57,27,2,66,82,51,5,3,46,48,17,78,44,19,66,65,30,70,82,56
929,53,1,88,43,33,7,0,87,11,39,54,68,18,9,63,21,98
930,84,3,36,2,98,14,56,98,13,38,73,61,1,4,69,31,62,4,17,72,46,26,23,38,49,90,23,77,57,58,39,73,0
931,17,93,60,15,87,33,49,5,73,55,66,56,24,0
932,46,54,69,37,94,19,89,99,65,67,13,5,14,49,39,20,37,16,54,44,24,45,38,78,33,34,12,45,72,82,20,62,25,6,74,55,96,16,1,12,1,42,99,97
933,21,94,71,49,8,80,26,75,65,77,91,19,56,15,84,7,76,59,81,12,19,31,50,10,29,57,95,91
934,45,23,58,18,95,50,92,40,72,90,5,36,63,49,73,83,73,58,79,46,58,21,68,90,47,21,29,78
935,9,75,5,36,26,39,1,33,57,22,4,10,32,31,29,31,36,99,47,58,39,23,23,24,99,68,27,15,20,42,36,81,10,76,92,88,30,86
936,24,31,50,75,29,29,47,21,65,12,45,20,42,75,55,95,13,55,81,30,39,59,75,78,98,41,98,27,64,48,28,2,65,42,8,15,91,72,38,38,21,88,81,65,8,26,94,42,98,65
937,7,23,22,17,89,27,79,38,21,37,74,71,77,42,31,21
938,62,88,69,59,56,61,14,84,97,41,30,21,18,60
939,26,71,97,57,4,0,19,32,13,88,70,92,5,93,81,57,70,43,59,94
940,17,2,94,27,33,95,82,84,5,84,15,51,14,49,25,3,90,27,59,96,39,50,84,11,62,42,87,93,81,89,31,11,72,24,77,87,32,24,38,54,23,55
941,98,77,21,3,7,24,73,64,15,14,40,21,38,47,82,16,52,14,16,58,6,54,43,44,21,34,72
942,23,49,35,5,34,32,81,82,19,14,73,62,24,55,39,85,43,14,31,83,35,80,65,89,8,1,6,55,31,86,71
943,8,78,45,93,13,39,85,85,56,64,36
944,56,8,60,50,88,70,15,21,62,0,21,11,28,55,98,1,46,85,5,78,84,90,28,74,29,73,37,94,45
945,38,87,15,34,29,2,0,31,34,49,69,58,99,87,51,12,79,18,14,11,38,94,75,10,37,99,55,51,29,88,94,70,79,10,65,89,48,91,16,94,58,12,75,22,27,47,64,22,64
946,66,96,35,82,22,45,84,1,83,22,22,74,88,9,6,2,53,12,75,83,10,42,49,5,62,19,9,34,80,51,46,60,72,71,43,22,52,19,24,27,69,19,35,14,58,81,16,80,73,1
947,97,42,55,79,1,76,70,89,23,94,86,89,60,63,37,62,54,30,80,82,81,29,41,51,55,17,93,77,20,16,86,10,68,31,22,22,64,3,11,68,16,26,0,25,88,22,34,0,14,11
948,26,53,3,14,44,73,24,53,72,33,17,44,97,82,33,94,68,5,53,22,52
949,53,72,25,47,67,18,77,63,35,89,35,12,23,51,30,83
950,89,42,59,74,11,70,6,13,75,81,32,28,51,67,59,62,98,21,86,56,1,97,35,47,92,54,13,37,40,3,27,3,66,54,11,73,74,39
951,22,85,83,94,46,97,48,13,57,78,47,60,46,86,13,19,34,7,42,93,33,85,84,16,15,35
952,97,35,38,78,99,92,97,60,7,48,89,99,6,39,25,36,18,74,66,80,11,29
953,73,35,90,10,10,86,48,76,95,76,76,47,34,61,16,30,16,46,66,55,20,74,76,62,87,95,54,85,50,0,23,65,21,29,57,30,88,93,41
954,59,12,20,85,50,53,45,36,40,95,60,11,59,9,51,41,78,64,7,31,75,68,13,30,86,83,79
955,14,41,87,51,7,7,83,44,65,47,36,47,64,76,81,28,41,99,64,94,70,68,33,28,95,37,90,37,33,66,30
956,4,98,56,65,0,6,77,7,56,42,96,96,52,34,47,75,49,32,47,6,87,64,67,79
957,69,74,36,86,61,51,97,62,36,99,92,93,71
958,51,68,20,50,50,63,7,97,84,54,76,77,76,84,64,59,77,61
959,34,7,61,17,18,97,84,7,45,47,48,14,38,32,42,84,89,46,46,91,54,39,94,19,22,44,66
960,44,18,66,74,1,16,53,30,71,84,7,11,73
961,82,18,44,58,77,42,45,6,80,86,72,48,33,45,73,11,29,53,9,2,11,34,79,93,91,79,54,67,58,80,92,9,82,60,58
962,24,82,91,64,19,6,29,78,85,66,10,24,40,3,80,80,71,51,93,33,74,88,19,98,85,14,12,72,5,56,18,0,45,72,34,35
963,66,26,30,79,34,53,95,60,1,27,17,26,79,71,0,64,19,62,8,76,34,24,52,83
964,85,4,32,24,74,76,54,12,15,24,16,17,95,8,56,50,3,45,28,8,31,3,38
965,54,30,99,70,61,32,15,71,59,93,83,19,96,6,75,0,80,24,71,4,88,76,33,67,20,32,22,5,56,13,91,20,97,8,42,3,78,92,98,75
966,47,72,95,44,9,80,11,65,69,96,17,79,62,23,43,66,9,74,89
967,58,17,52,49,30,70,5,96,13,92,48,77,5,45,13,65,49,36,64,86,60,27,61,28,54,50,91,97
968,86,42,62,62,85,56,63,32,33,45,2,30,4,63,27,0,12
969,3,67,37,16,7,81,68,77,16,77,85,62,53,29,93,75,53,14,78,49,72,53,45,49,16,15,67,92,81,96,88,95,90,85,72,7,88
970,35,75,22,25,85,17,50,15,71,0,58,13,89,2,30,55,1,23,99,28,5,46,26,13,57,44,99,10,48,0,44,25,45,44,58,45
971,7,52,23,96,0,68,63,2,28,34,56,25,81,10
972,21,29,30,39,43,58,54,63,99,3,41,31,45,17,77,58,10,97,6,3,57,97,88,45,81,78,64,84,66,28,62
973,8,10,76,49,7,42,22,94,70,10,41,51,98,12,66,10,80,78,78,93,64,34,64,18,73,29,68,81,98,9,78,55,34,73,14,68,43,1,51,54,12
974,37,73,54,3,70,52,43,95,34,6,23,43,80,62,42,45,73,73,91,54,34,65,6,73,18
975,13,81,61,39,98,1,90,57,25,0,76,80,10,60,76,42,49,24,54,61
976,77,37,61,83,97,71,52,49,23,69,77,20,55,89,22,88,63,50,27,1,57,37,46,49,72,78,32,86,33,41,4,79,21,67,17,60,33,24,55,22,50,91,58,12,44,91,33,69,19,82
977,15,88,35,91,94,31,73,70,38,50,42,86,41,46,86,41,53,57,38,87,99,15,4
978,5,66,42,43,70,82,82,23,8,79,37,6,15,54,89,62,89,71,43,31,6,52,23,88,26,35,36,10,25,41,40,95,8,7,2,25,11,59,89,66,31,85
979,91,65,81,94,77,36,88,72,16,52,98,39,52,0,57,86,22,3,57,75,35,11,86,68,97,83,23,93,42,0,33,35,55,71,99,28,55,69,29,0,60,11,44,76,63,5,81,13,11,95
980,73,44,68,50,3,18,63,74,29,89,3,69,99,89,90,85,46,27,6,42,99,63,85,72,59,49,23,42,56,7,58,41,42,81,98,33,43,20,55,83,24,53,84,92,38,77,90,34,70
981,26,91,18,69,56,79,56,20,53,68,40,40,4,94
982,91,97,13,89,15,50,54,0,67,48,98,31,16,26,46,63,76,13,92,72,27,32,31,35,34,27,58,12,73,68,60,68,2,29,60,60,12,1
983,87,79,85,98,3,36,43,55,92,21,51,57,5,16,7,4,52,13,41,58,68,18,23,19,9,70,54,73,57
984,84,72,74,96,73,66,77,31,25,54,10,17,9,91,14,76,87,45,10,46,83,55,85
985,4,84,50,54,17,95,71,14,78,95,22,60,95,85,94,45,19,34,54,23,89,88,42,12,76,75,23,24,46,25,38,14,68,7,37,8,92,36
986,90,48,29,81,33,75,39,33,80,66,48,98,68,89,81,86,78,60,62,85,14,56,88,88,8,63,19,47,94,53,75,27,0,86,57,64,36,45,60,10,62,46,47,95
987,84,90,21,16,16,32,94,19,63,72,30,47,85,13,20,45,7,92,22,7,95,20,95,80
988,44,14,62,78,45,25,59,50,32,48,50,27,0,40,84,38,37,89,30,5,0,32,40,34,11,93
989,96,77,21,99,72,51,80,93,95,98,0,93,7,57,42,90,39,0,92,81,69,51,59,89,71,20,75,97,7,16,62,22,36,65,56,39,25,65
990,10,65,31,8,41,35,75,87,14,57,60,51,81,41,86,95,0,29,19,45,22,56,59,49,21,36,7,23,41,71,22,12,53,87,35,72,76
991,0,16,66,41,5,3,26,96,54,50,36,29,26,97,4,75,12,13,21,24,48,41,25,92,70,93,2,38,15,98,86
992,14,64,72,82,39,33,22,71,19,59,16,92,56,69,2,66,99,50,15,40,51,64,78,36,37,57,38,45,87,76,30,67,27,99
993,41,97,45,30,83,9,19,84,21,14,7,74,71,36,85,2,75,17,98,42,81,79,51,95,61,54,44,38,0,89,10,43,57,55,42,46,39,32,80,44,9,67,65,50,45,83
994,22,50,65,28,91,24,97,40,27,98,9,32,28,4,54,21,43,27,34,6,57,79,5,13,21,48,69,65,99,72,60,15,19,8,96,90,74,78,65,63,22,80
995,77,25,12,52,2,55,99,6,92,57,7,90,91,26,93,0,64,49,73,39,82,70,51,93,20,2,94,92,44,23,6
996,28,77,46,97,79,6,81,30,75,68,8,92,65,92,21
997,50,76,38,80,70,90,48,73,70,29,12,46,80,50,73,34,51,91
998,19,28,60,80,59,69,30,32,63,80,29,84,63,79,79,81,51,12,7,42,36,52,97,80,4,66,75,68,66,95,81,60,21,56,9,41,24,68,65,45,52,59,99,69,75,3,96,41
999,91,62,55,81,90,15,82,60,99,50,57,7,95,89,60,18,91,2,79,74,89,24,74,29
1000,33,13,97,82,65,14,28,88,74,4,56,0,47,6,27,30,48,1,62,97,8,95,48,42,46,51,0,80,82,71,15,22
